MODEL SA230P OPTIONS CH1,MEA,EXC,DGT,CST SERIAL AQ00071865
DRIVER 3.9.20621.38
FIRMWARE Stage1 Version 3.7.393.0, FPGA Firmware Version 3.7.393.70110/AVG.CST.DGT/SFIR, FE CPLD 1/0.4.0.0
IO ControlIO1 CURRENT Disabled AVAILABLE Disabled,Out-LowLevel,Out-HighLevel,In-AccumulationEnable,Out-Software,In-Software,In-EnableFirstTrigger,In-StateMonitoring
IO ControlIO2 CURRENT Disabled AVAILABLE Disabled,Out-LowLevel,Out-HighLevel,Out-AcquisitionActive,In-TriggerEnable,Out-Software,In-Software,In-EnableFirstTrigger,In-StateMonitoring
IO ControlIO3 CURRENT Disabled AVAILABLE Disabled,Out-LowLevel,Out-HighLevel,Out-AnalyzerArmed,Out-Software,In-Software,In-EnableFirstTrigger
GATE_CAPABILITY ControlIO2 (does not prove first-edge timing or CST operation)
SETUP_APPLIED CST=Triggered gate=ControlIO2 signal=In-TriggerEnable samples=6150016 rate=1e9 threshold_50ohm_V=1
ARMED: waiting for hardware-qualified edges; DIAGNOSTIC ONLY, WAVEFORMS NOT SAVED
record,index,first_sample_s,interval_s,host_elapsed_s,samples,firstElement
1,0,1.8395476,0,0.008277,6150016,8
2,1,1.845698604,0.006151004,0.0143255,6150016,8
3,2,1.851849608,0.006151004,0.0205231,6150016,8
4,3,1.858000612,0.006151004,0.0266757,6150016,8
5,4,1.864374616,0.006374004,0.033082,6150016,8
6,5,1.87120262,0.006828004,0.0398843,6150016,8
7,6,1.878030624,0.006828004,0.0467321,6150016,8
8,7,1.884858628,0.006828004,0.0535309,6150016,8
9,8,1.891686632,0.006828004,0.0603612,6150016,8
10,9,1.89851464,0.006828008,0.0672142,6150016,8
11,10,1.905342644,0.006828004,0.0740187,6150016,8
12,11,1.912170648,0.006828004,0.0808441,6150016,8
13,12,1.918998652,0.006828004,0.0876793,6150016,8
14,13,1.925826656,0.006828004,0.0944873,6150016,8
15,14,1.93265466,0.006828004,0.10133,6150016,8
16,15,1.939482664,0.006828004,0.1081445,6150016,8
17,16,1.946311672,0.006829008,0.1149739,6150016,8
18,17,1.953139676,0.006828004,0.1218194,6150016,8
19,18,1.95996768,0.006828004,0.1286521,6150016,8
20,19,1.966795684,0.006828004,0.1354738,6150016,8
21,20,1.973623688,0.006828004,0.1423677,6150016,8
22,21,1.980451692,0.006828004,0.149136,6150016,8
23,22,1.987279696,0.006828004,0.155974,6150016,8
24,23,1.994107704,0.006828008,0.1627978,6150016,8
25,24,2.000935708,0.006828004,0.1696147,6150016,8
26,25,2.007763712,0.006828004,0.1764419,6150016,8
27,26,2.014591716,0.006828004,0.1832773,6150016,8
28,27,2.02141972,0.006828004,0.1900868,6150016,8
29,28,2.028247724,0.006828004,0.1969249,6150016,8
30,29,2.035075728,0.006828004,0.2037358,6150016,8
31,30,2.041903732,0.006828004,0.2105924,6150016,8
32,31,2.04873174,0.006828008,0.2174379,6150016,8
33,32,2.055559744,0.006828004,0.2242543,6150016,8
34,33,2.062387748,0.006828004,0.2310653,6150016,8
35,34,2.069216752,0.006829004,0.2378723,6150016,8
36,35,2.076044756,0.006828004,0.2447117,6150016,8
37,36,2.08287276,0.006828004,0.2515688,6150016,8
38,37,2.089700764,0.006828004,0.2583632,6150016,8
39,38,2.096528768,0.006828004,0.2652006,6150016,8
40,39,2.103356776,0.006828008,0.2720348,6150016,8
41,40,2.11018478,0.006828004,0.2789083,6150016,8
42,41,2.117012784,0.006828004,0.2857263,6150016,8
43,42,2.123840788,0.006828004,0.2925668,6150016,8
44,43,2.130668792,0.006828004,0.2993704,6150016,8
45,44,2.137496796,0.006828004,0.3061934,6150016,8
46,45,2.1443248,0.006828004,0.3130184,6150016,8
47,46,2.151152804,0.006828004,0.3198391,6150016,8
48,47,2.157980812,0.006828008,0.3266642,6150016,8
49,48,2.164808816,0.006828004,0.3334769,6150016,8
50,49,2.17163682,0.006828004,0.3403147,6150016,8
51,50,2.178464824,0.006828004,0.3471156,6150016,8
52,51,2.185292828,0.006828004,0.3539625,6150016,8
53,52,2.192121832,0.006829004,0.3607829,6150016,8
54,53,2.198949836,0.006828004,0.3676474,6150016,8
55,54,2.20577784,0.006828004,0.3744475,6150016,8
56,55,2.212605848,0.006828008,0.3812644,6150016,8
57,56,2.219433852,0.006828004,0.3881211,6150016,8
58,57,2.226261856,0.006828004,0.3949423,6150016,8
59,58,2.23308986,0.006828004,0.4017749,6150016,8
60,59,2.239917864,0.006828004,0.4085865,6150016,8
61,60,2.246745868,0.006828004,0.4154095,6150016,8
62,61,2.253573872,0.006828004,0.4222418,6150016,8
63,62,2.260401876,0.006828004,0.4290814,6150016,8
64,63,2.267229884,0.006828008,0.435884,6150016,8
65,64,2.274057888,0.006828004,0.4427287,6150016,8
66,65,2.280885892,0.006828004,0.449575,6150016,8
67,66,2.287713896,0.006828004,0.4563613,6150016,8
68,67,2.2945419,0.006828004,0.4632034,6150016,8
69,68,2.301369904,0.006828004,0.4700359,6150016,8
70,69,2.308198908,0.006829004,0.4768599,6150016,8
71,70,2.315026912,0.006828004,0.4837079,6150016,8
72,71,2.321854916,0.006828004,0.490521,6150016,8
73,72,2.328682924,0.006828008,0.4973626,6150016,8
74,73,2.335510928,0.006828004,0.5041698,6150016,8
75,74,2.342338932,0.006828004,0.5109807,6150016,8
76,75,2.349166936,0.006828004,0.5178649,6150016,8
77,76,2.35599494,0.006828004,0.5246841,6150016,8
78,77,2.362822944,0.006828004,0.5314873,6150016,8
79,78,2.369650948,0.006828004,0.5383148,6150016,8
80,79,2.376478952,0.006828004,0.5451526,6150016,8
81,80,2.383306956,0.006828004,0.5519611,6150016,8
82,81,2.39013496,0.006828004,0.5587895,6150016,8
83,82,2.396962968,0.006828008,0.5656124,6150016,8
84,83,2.403790972,0.006828004,0.5724414,6150016,8
85,84,2.410618976,0.006828004,0.5792837,6150016,8
86,85,2.41744698,0.006828004,0.5861462,6150016,8
87,86,2.424274984,0.006828004,0.5929489,6150016,8
88,87,2.431102988,0.006828004,0.5997614,6150016,8
89,88,2.437931992,0.006829004,0.6065759,6150016,8
90,89,2.444759996,0.006828004,0.613413,6150016,8
91,90,2.451588,0.006828004,0.6202377,6150016,8
92,91,2.458416004,0.006828004,0.6270943,6150016,8
93,92,2.465244012,0.006828008,0.6339303,6150016,8
94,93,2.472072016,0.006828004,0.6407712,6150016,8
95,94,2.47890002,0.006828004,0.6475549,6150016,8
96,95,2.485728024,0.006828004,0.6543858,6150016,8
97,96,2.492556028,0.006828004,0.661203,6150016,8
98,97,2.499384032,0.006828004,0.6680412,6150016,8
99,98,2.506212036,0.006828004,0.6748694,6150016,8
100,99,2.51304004,0.006828004,0.6816866,6150016,8
101,100,2.519868044,0.006828004,0.6885155,6150016,8
102,101,2.526696048,0.006828004,0.6953542,6150016,8
103,102,2.533524052,0.006828004,0.7021824,6150016,8
104,103,2.54035206,0.006828008,0.7090745,6150016,8
105,104,2.547180064,0.006828004,0.7158632,6150016,8
106,105,2.554008068,0.006828004,0.722654,6150016,8
107,106,2.560837072,0.006829004,0.7294779,6150016,8
108,107,2.567665076,0.006828004,0.7363071,6150016,8
109,108,2.57449308,0.006828004,0.7431544,6150016,8
110,109,2.581321084,0.006828004,0.7499649,6150016,8
111,110,2.588149088,0.006828004,0.7567954,6150016,8
112,111,2.594977092,0.006828004,0.7636463,6150016,8
113,112,2.601805096,0.006828004,0.7704745,6150016,8
114,113,2.6086331,0.006828004,0.7772862,6150016,8
115,114,2.615461104,0.006828004,0.7841338,6150016,8
116,115,2.622289112,0.006828008,0.7909939,6150016,8
117,116,2.629117116,0.006828004,0.7977624,6150016,8
118,117,2.63594512,0.006828004,0.8045883,6150016,8
119,118,2.642773124,0.006828004,0.8114185,6150016,8
120,119,2.649601128,0.006828004,0.8182392,6150016,8
121,120,2.656429132,0.006828004,0.8250743,6150016,8
122,121,2.663257136,0.006828004,0.8319006,6150016,8
123,122,2.67008514,0.006828004,0.8387792,6150016,8
124,123,2.676913144,0.006828004,0.8455824,6150016,8
125,124,2.683742148,0.006829004,0.852432,6150016,8
126,125,2.690570152,0.006828004,0.8592563,6150016,8
127,126,2.697398156,0.006828004,0.8660374,6150016,8
128,127,2.704226164,0.006828008,0.8728714,6150016,8
129,128,2.711054168,0.006828004,0.8797375,6150016,8
130,129,2.717882172,0.006828004,0.8865568,6150016,8
131,130,2.724710176,0.006828004,0.8934072,6150016,8
132,131,2.73153818,0.006828004,0.9002029,6150016,8
133,132,2.738366184,0.006828004,0.9070185,6150016,8
134,133,2.745194188,0.006828004,0.9138223,6150016,8
135,134,2.752022192,0.006828004,0.9206557,6150016,8
136,135,2.758850196,0.006828004,0.9275327,6150016,8
137,136,2.7656782,0.006828004,0.9343827,6150016,8
138,137,2.772506204,0.006828004,0.9412086,6150016,8
139,138,2.779334208,0.006828004,0.9479949,6150016,8
140,139,2.786162212,0.006828004,0.954857,6150016,8
141,140,2.792990216,0.006828004,0.9616856,6150016,8
142,141,2.799818224,0.006828008,0.9685045,6150016,8
143,142,2.806647228,0.006829004,0.9753313,6150016,8
144,143,2.813475232,0.006828004,0.9821499,6150016,8
145,144,2.820303236,0.006828004,0.989046,6150016,8
146,145,2.82713124,0.006828004,0.9958131,6150016,8
147,146,2.833959244,0.006828004,1.0026459,6150016,8
148,147,2.840787248,0.006828004,1.0094674,6150016,8
149,148,2.847615252,0.006828004,1.0162602,6150016,8
150,149,2.854443256,0.006828004,1.0230715,6150016,8
151,150,2.86127126,0.006828004,1.0298938,6150016,8
152,151,2.868099264,0.006828004,1.0367522,6150016,8
153,152,2.874927268,0.006828004,1.0436152,6150016,8
154,153,2.881755272,0.006828004,1.0503991,6150016,8
155,154,2.888583276,0.006828004,1.0572191,6150016,8
156,155,2.89541128,0.006828004,1.0640393,6150016,8
157,156,2.902239288,0.006828008,1.070877,6150016,8
158,157,2.909067292,0.006828004,1.0776983,6150016,8
159,158,2.915895296,0.006828004,1.0845511,6150016,8
160,159,2.9227233,0.006828004,1.0913643,6150016,8
161,160,2.929552304,0.006829004,1.0981873,6150016,8
162,161,2.936380308,0.006828004,1.1050311,6150016,8
163,162,2.943208312,0.006828004,1.1118494,6150016,8
164,163,2.950036316,0.006828004,1.1186845,6150016,8
165,164,2.95686432,0.006828004,1.125533,6150016,8
166,165,2.963692324,0.006828004,1.1323499,6150016,8
167,166,2.970520328,0.006828004,1.1391464,6150016,8
168,167,2.977348332,0.006828004,1.1459735,6150016,8
169,168,2.984176336,0.006828004,1.152797,6150016,8
170,169,2.99100434,0.006828004,1.1596531,6150016,8
171,170,2.997832344,0.006828004,1.1664605,6150016,8
172,171,3.004660348,0.006828004,1.1733002,6150016,8
173,172,3.011488352,0.006828004,1.1801371,6150016,8
174,173,3.018316356,0.006828004,1.1869547,6150016,8
175,174,3.025144364,0.006828008,1.193781,6150016,8
176,175,3.031972368,0.006828004,1.2006477,6150016,8
177,176,3.038800372,0.006828004,1.2074992,6150016,8
178,177,3.045628376,0.006828004,1.2142681,6150016,8
179,178,3.05245738,0.006829004,1.2211092,6150016,8
180,179,3.059285384,0.006828004,1.2279198,6150016,8
181,180,3.066113388,0.006828004,1.2347539,6150016,8
182,181,3.072941392,0.006828004,1.241597,6150016,8
183,182,3.079769396,0.006828004,1.2484164,6150016,8
184,183,3.0865974,0.006828004,1.2552444,6150016,8
185,184,3.093425404,0.006828004,1.2620688,6150016,8
186,185,3.100253408,0.006828004,1.2689102,6150016,8
187,186,3.107081412,0.006828004,1.275707,6150016,8
188,187,3.113909416,0.006828004,1.2825476,6150016,8
189,188,3.12073742,0.006828004,1.2893605,6150016,8
190,189,3.127565424,0.006828004,1.2961923,6150016,8
191,190,3.134393428,0.006828004,1.3030245,6150016,8
192,191,3.141221432,0.006828004,1.3098531,6150016,8
193,192,3.148049436,0.006828004,1.3166844,6150016,8
194,193,3.15487744,0.006828004,1.3234995,6150016,8
195,194,3.161705444,0.006828004,1.3303391,6150016,8
196,195,3.168533448,0.006828004,1.3371666,6150016,8
197,196,3.175362452,0.006829004,1.3439835,6150016,8
198,197,3.18219046,0.006828008,1.3508866,6150016,8
199,198,3.189018464,0.006828004,1.3576569,6150016,8
200,199,3.196846468,0.007828004,1.365511,6150016,8
201,200,3.203674472,0.006828004,1.3723188,6150016,8
202,201,3.210502476,0.006828004,1.3791354,6150016,8
203,202,3.21733048,0.006828004,1.3859667,6150016,8
204,203,3.224158484,0.006828004,1.3928087,6150016,8
205,204,3.230986488,0.006828004,1.3996319,6150016,8
206,205,3.237814492,0.006828004,1.4064327,6150016,8
207,206,3.244642496,0.006828004,1.413262,6150016,8
208,207,3.2514705,0.006828004,1.4200791,6150016,8
209,208,3.258298504,0.006828004,1.4269206,6150016,8
210,209,3.265126508,0.006828004,1.4337507,6150016,8
211,210,3.271954512,0.006828004,1.4405669,6150016,8
212,211,3.278782516,0.006828004,1.4474009,6150016,8
213,212,3.28561052,0.006828004,1.4542335,6150016,8
214,213,3.292438524,0.006828004,1.4610633,6150016,8
215,214,3.299267528,0.006829004,1.4679111,6150016,8
216,215,3.306095532,0.006828004,1.4747225,6150016,8
217,216,3.312923536,0.006828004,1.4815508,6150016,8
218,217,3.31975154,0.006828004,1.4883868,6150016,8
219,218,3.326579544,0.006828004,1.4952185,6150016,8
220,219,3.333407548,0.006828004,1.5020294,6150016,8
221,220,3.340235552,0.006828004,1.508916,6150016,8
222,221,3.34706356,0.006828008,1.5157016,6150016,8
223,222,3.353891564,0.006828004,1.522515,6150016,8
224,223,3.360719568,0.006828004,1.5295639,6150016,8
225,224,3.367547572,0.006828004,1.536384,6150016,8
226,225,3.374375576,0.006828004,1.5431604,6150016,8
227,226,3.38120358,0.006828004,1.5498388,6150016,8
228,227,3.388031584,0.006828004,1.5566452,6150016,8
229,228,3.394859588,0.006828004,1.5635019,6150016,8
230,229,3.401687592,0.006828004,1.5703059,6150016,8
231,230,3.408515596,0.006828004,1.5771319,6150016,8
232,231,3.4153436,0.006828004,1.5839764,6150016,8
233,232,3.422172604,0.006829004,1.590795,6150016,8
234,233,3.429000608,0.006828004,1.5976391,6150016,8
235,234,3.435828612,0.006828004,1.6044812,6150016,8
236,235,3.442656616,0.006828004,1.611279,6150016,8
237,236,3.44948462,0.006828004,1.6180943,6150016,8
238,237,3.456312624,0.006828004,1.6249344,6150016,8
239,238,3.463140628,0.006828004,1.6317446,6150016,8
240,239,3.469968632,0.006828004,1.6385691,6150016,8
241,240,3.476796636,0.006828004,1.6453977,6150016,8
242,241,3.48362464,0.006828004,1.6522485,6150016,8
243,242,3.490452644,0.006828004,1.6590904,6150016,8
244,243,3.497280648,0.006828004,1.6659176,6150016,8
245,244,3.504108652,0.006828004,1.6727258,6150016,8
246,245,3.510936656,0.006828004,1.6795342,6150016,8
247,246,3.51776466,0.006828004,1.6864683,6150016,8
248,247,3.524592664,0.006828004,1.6932261,6150016,8
249,248,3.531420668,0.006828004,1.7000149,6150016,8
250,249,3.538248672,0.006828004,1.7068452,6150016,8
251,250,3.545077676,0.006829004,1.7136807,6150016,8
252,251,3.55190568,0.006828004,1.7205187,6150016,8
253,252,3.558733684,0.006828004,1.7273415,6150016,8
254,253,3.565561688,0.006828004,1.7341921,6150016,8
255,254,3.572389692,0.006828004,1.7410003,6150016,8
256,255,3.579217696,0.006828004,1.7478182,6150016,8
257,256,3.5860457,0.006828004,1.7546451,6150016,8
258,257,3.592873704,0.006828004,1.7614698,6150016,8
259,258,3.599701708,0.006828004,1.768324,6150016,8
260,259,3.606529712,0.006828004,1.7751384,6150016,8
261,260,3.613357716,0.006828004,1.7819562,6150016,8
262,261,3.62018572,0.006828004,1.7887758,6150016,8
263,262,3.627013724,0.006828004,1.7956156,6150016,8
264,263,3.633841728,0.006828004,1.8024653,6150016,8
265,264,3.640669732,0.006828004,1.8092842,6150016,8
266,265,3.647497736,0.006828004,1.8161159,6150016,8
267,266,3.65432574,0.006828004,1.8229496,6150016,8
268,267,3.661153744,0.006828004,1.8297721,6150016,8
269,268,3.667982748,0.006829004,1.8365693,6150016,8
270,269,3.674810752,0.006828004,1.8434304,6150016,8
271,270,3.681638756,0.006828004,1.850264,6150016,8
272,271,3.68846676,0.006828004,1.8571138,6150016,8
273,272,3.695294764,0.006828004,1.8639004,6150016,8
274,273,3.702122768,0.006828004,1.8707331,6150016,8
275,274,3.708950772,0.006828004,1.8775546,6150016,8
276,275,3.715778776,0.006828004,1.8843881,6150016,8
277,276,3.72260678,0.006828004,1.891214,6150016,8
278,277,3.729434784,0.006828004,1.8980334,6150016,8
279,278,3.736262788,0.006828004,1.9048535,6150016,8
280,279,3.743090792,0.006828004,1.9116934,6150016,8
281,280,3.749918796,0.006828004,1.9185327,6150016,8
282,281,3.7567468,0.006828004,1.925346,6150016,8
283,282,3.763574804,0.006828004,1.9321719,6150016,8
284,283,3.770402808,0.006828004,1.9390088,6150016,8
285,284,3.777230812,0.006828004,1.9458242,6150016,8
286,285,3.784059816,0.006829004,1.9526585,6150016,8
287,286,3.79088782,0.006828004,1.9595435,6150016,8
288,287,3.797715824,0.006828004,1.9663371,6150016,8
289,288,3.804543828,0.006828004,1.9731497,6150016,8
290,289,3.811371832,0.006828004,1.9799642,6150016,8
291,290,3.818199836,0.006828004,1.9868025,6150016,8
292,291,3.82502784,0.006828004,1.99362,6150016,8
293,292,3.831855844,0.006828004,2.0004657,6150016,8
294,293,3.838683848,0.006828004,2.007275,6150016,8
295,294,3.845511852,0.006828004,2.0141151,6150016,8
296,295,3.852339856,0.006828004,2.020947,6150016,8
297,296,3.85916786,0.006828004,2.02775,6150016,8
298,297,3.865995864,0.006828004,2.0345789,6150016,8
299,298,3.872823868,0.006828004,2.0414063,6150016,8
300,299,3.879651872,0.006828004,2.0482403,6150016,8
301,300,3.886479876,0.006828004,2.0550725,6150016,8
302,301,3.89330788,0.006828004,2.0619196,6150016,8
303,302,3.900135884,0.006828004,2.0687481,6150016,8
304,303,3.906964888,0.006829004,2.0756108,6150016,8
305,304,3.913792892,0.006828004,2.082419,6150016,8
306,305,3.920620896,0.006828004,2.0893258,6150016,8
307,306,3.9274489,0.006828004,2.09605,6150016,8
308,307,3.934276904,0.006828004,2.1028937,6150016,8
309,308,3.941104908,0.006828004,2.1097053,6150016,8
310,309,3.947932912,0.006828004,2.1165288,6150016,8
311,310,3.954760916,0.006828004,2.1234201,6150016,8
312,311,3.96158892,0.006828004,2.1302014,6150016,8
313,312,3.968416924,0.006828004,2.1370022,6150016,8
314,313,3.975244928,0.006828004,2.1438256,6150016,8
315,314,3.982072932,0.006828004,2.1506827,6150016,8
316,315,3.988900932,0.006828,2.1575267,6150016,8
317,316,3.995728936,0.006828004,2.1643085,6150016,8
318,317,4.00255694,0.006828004,2.1711465,6150016,8
319,318,4.009384944,0.006828004,2.1779575,6150016,8
320,319,4.016212948,0.006828004,2.184801,6150016,8
321,320,4.023040952,0.006828004,2.1916295,6150016,8
322,321,4.029869956,0.006829004,2.1984524,6150016,8
323,322,4.03669796,0.006828004,2.2052917,6150016,8
324,323,4.043525964,0.006828004,2.212162,6150016,8
325,324,4.050353968,0.006828004,2.2189396,6150016,8
326,325,4.057181972,0.006828004,2.2257947,6150016,8
327,326,4.064009976,0.006828004,2.2326325,6150016,8
328,327,4.07083798,0.006828004,2.2394158,6150016,8
329,328,4.077665984,0.006828004,2.2462836,6150016,8
330,329,4.084493988,0.006828004,2.2531074,6150016,8
331,330,4.091321992,0.006828004,2.2599377,6150016,8
332,331,4.098149996,0.006828004,2.2667295,6150016,8
333,332,4.104978,0.006828004,2.2735552,6150016,8
334,333,4.111806004,0.006828004,2.2803887,6150016,8
335,334,4.118634008,0.006828004,2.2872155,6150016,8
336,335,4.125462012,0.006828004,2.2940404,6150016,8
337,336,4.132290016,0.006828004,2.300894,6150016,8
338,337,4.13911802,0.006828004,2.3077088,6150016,8
339,338,4.145946024,0.006828004,2.3145217,6150016,8
340,339,4.152775028,0.006829004,2.3213644,6150016,8
341,340,4.159603032,0.006828004,2.3282104,6150016,8
342,341,4.166431036,0.006828004,2.3350233,6150016,8
343,342,4.17325904,0.006828004,2.3419223,6150016,8
344,343,4.18008704,0.006828,2.3486623,6150016,8
345,344,4.186915044,0.006828004,2.3554948,6150016,8
346,345,4.193743048,0.006828004,2.3623079,6150016,8
347,346,4.200571052,0.006828004,2.3692249,6150016,8
348,347,4.207399056,0.006828004,2.3760427,6150016,8
349,348,4.21422706,0.006828004,2.3828333,6150016,8
350,349,4.221055064,0.006828004,2.3896374,6150016,8
351,350,4.227883068,0.006828004,2.3964597,6150016,8
352,351,4.234711072,0.006828004,2.4032956,6150016,8
353,352,4.241539076,0.006828004,2.41011,6150016,8
354,353,4.24836708,0.006828004,2.4169339,6150016,8
355,354,4.255195084,0.006828004,2.4238842,6150016,8
356,355,4.262023088,0.006828004,2.4306011,6150016,8
357,356,4.268851092,0.006828004,2.4374338,6150016,8
358,357,4.275680096,0.006829004,2.4442927,6150016,8
359,358,4.2825081,0.006828004,2.4510952,6150016,8
360,359,4.289336104,0.006828004,2.4579377,6150016,8
361,360,4.296164108,0.006828004,2.4647475,6150016,8
362,361,4.302992112,0.006828004,2.4715792,6150016,8
363,362,4.309820116,0.006828004,2.478417,6150016,8
364,363,4.31664812,0.006828004,2.4852266,6150016,8
365,364,4.32347612,0.006828,2.4920512,6150016,8
366,365,4.330304124,0.006828004,2.498891,6150016,8
367,366,4.337132128,0.006828004,2.5056941,6150016,8
368,367,4.343960132,0.006828004,2.5125506,6150016,8
369,368,4.350788136,0.006828004,2.5193588,6150016,8
370,369,4.35761614,0.006828004,2.5262574,6150016,8
371,370,4.364444144,0.006828004,2.5330063,6150016,8
372,371,4.371272148,0.006828004,2.5399055,6150016,8
373,372,4.378100152,0.006828004,2.5466667,6150016,8
374,373,4.384928156,0.006828004,2.5535046,6150016,8
375,374,4.39175716,0.006829004,2.5603348,6150016,8
376,375,4.398585164,0.006828004,2.5671683,6150016,8
377,376,4.405413168,0.006828004,2.5740377,6150016,8
378,377,4.412241172,0.006828004,2.5808113,6150016,8
379,378,4.419069176,0.006828004,2.5876784,6150016,8
380,379,4.42589718,0.006828004,2.5944706,6150016,8
381,380,4.432725184,0.006828004,2.6013395,6150016,8
382,381,4.439553188,0.006828004,2.6081483,6150016,8
383,382,4.446381188,0.006828,2.6149647,6150016,8
384,383,4.453209192,0.006828004,2.6217717,6150016,8
385,384,4.460037196,0.006828004,2.6285954,6150016,8
386,385,4.4668652,0.006828004,2.6354243,6150016,8
387,386,4.473693204,0.006828004,2.642279,6150016,8
388,387,4.480521208,0.006828004,2.6491183,6150016,8
389,388,4.487349212,0.006828004,2.6559189,6150016,8
390,389,4.494177216,0.006828004,2.6627596,6150016,8
391,390,4.50100522,0.006828004,2.6695612,6150016,8
392,391,4.507833224,0.006828004,2.6764171,6150016,8
393,392,4.514662228,0.006829004,2.6832293,6150016,8
394,393,4.521490232,0.006828004,2.6900726,6150016,8
395,394,4.528318236,0.006828004,2.6969415,6150016,8
396,395,4.53514624,0.006828004,2.7037088,6150016,8
397,396,4.541974244,0.006828004,2.7105838,6150016,8
398,397,4.548802248,0.006828004,2.7174554,6150016,8
399,398,4.555630248,0.006828,2.724227,6150016,8
400,399,4.562458252,0.006828004,2.7310112,6150016,8
401,400,4.569286256,0.006828004,2.7378442,6150016,8
402,401,4.57611426,0.006828004,2.744676,6150016,8
403,402,4.582942264,0.006828004,2.7515058,6150016,8
404,403,4.589770268,0.006828004,2.7583342,6150016,8
405,404,4.596598272,0.006828004,2.7651439,6150016,8
406,405,4.603426276,0.006828004,2.7719851,6150016,8
407,406,4.61025428,0.006828004,2.7788159,6150016,8
408,407,4.617082284,0.006828004,2.7856409,6150016,8
409,408,4.623910288,0.006828004,2.7925257,6150016,8
410,409,4.630738292,0.006828004,2.7993072,6150016,8
411,410,4.637567296,0.006829004,2.8061442,6150016,8
412,411,4.644395296,0.006828,2.8129627,6150016,8
413,412,4.6512233,0.006828004,2.819806,6150016,8
414,413,4.658051304,0.006828004,2.8266294,6150016,8
415,414,4.664879308,0.006828004,2.8334518,6150016,8
416,415,4.671707312,0.006828004,2.840247,6150016,8
417,416,4.678535316,0.006828004,2.8471008,6150016,8
418,417,4.68536332,0.006828004,2.8539184,6150016,8
419,418,4.692191324,0.006828004,2.8607562,6150016,8
420,419,4.699019328,0.006828004,2.8676412,6150016,8
421,420,4.705847332,0.006828004,2.8744118,6150016,8
422,421,4.712675336,0.006828004,2.8812356,6150016,8
423,422,4.71950334,0.006828004,2.8880543,6150016,8
424,423,4.726331344,0.006828004,2.8948964,6150016,8
425,424,4.733159344,0.006828,2.9017177,6150016,8
426,425,4.739987348,0.006828004,2.9085329,6150016,8
427,426,4.746815352,0.006828004,2.9154052,6150016,8
428,427,4.753643356,0.006828004,2.9221909,6150016,8
429,428,4.76047236,0.006829004,2.9290347,6150016,8
430,429,4.767300364,0.006828004,2.9358747,6150016,8
431,430,4.774128368,0.006828004,2.9427226,6150016,8
432,431,4.780956372,0.006828004,2.9495174,6150016,8
433,432,4.787784376,0.006828004,2.9563312,6150016,8
434,433,4.79461238,0.006828004,2.9631727,6150016,8
435,434,4.801440384,0.006828004,2.969986,6150016,8
436,435,4.808268388,0.006828004,2.9768232,6150016,8
437,436,4.815096388,0.006828,2.983654,6150016,8
438,437,4.821924392,0.006828004,2.9904773,6150016,8
439,438,4.828752396,0.006828004,2.9973125,6150016,8
440,439,4.8355804,0.006828004,3.004135,6150016,8
441,440,4.842408404,0.006828004,3.0109685,6150016,8
442,441,4.849236408,0.006828004,3.017816,6150016,8
443,442,4.856064412,0.006828004,3.0246353,6150016,8
444,443,4.862892416,0.006828004,3.031444,6150016,8
445,444,4.86972042,0.006828004,3.0383153,6150016,8
446,445,4.876548424,0.006828004,3.0451096,6150016,8
447,446,4.883377424,0.006829,3.0519936,6150016,8
448,447,4.890205428,0.006828004,3.0588175,6150016,8
449,448,4.897033432,0.006828004,3.0656301,6150016,8
450,449,4.903861436,0.006828004,3.0724038,6150016,8
451,450,4.91068944,0.006828004,3.0792268,6150016,8
452,451,4.917517444,0.006828004,3.0860693,6150016,8
453,452,4.924345448,0.006828004,3.0928888,6150016,8
454,453,4.931173452,0.006828004,3.0997198,6150016,8
455,454,4.938001456,0.006828004,3.1065379,6150016,8
456,455,4.94482946,0.006828004,3.1133758,6150016,8
457,456,4.95165746,0.006828,3.1202198,6150016,8
458,457,4.958485464,0.006828004,3.1270263,6150016,8
459,458,4.965313468,0.006828004,3.1338526,6150016,8
460,459,4.972141472,0.006828004,3.1407003,6150016,8
461,460,4.978969476,0.006828004,3.1475167,6150016,8
462,461,4.98579748,0.006828004,3.1543425,6150016,8
463,462,4.992625484,0.006828004,3.1611912,6150016,8
464,463,4.999454488,0.006829004,3.1680079,6150016,8
465,464,5.006282492,0.006828004,3.1748422,6150016,8
466,465,5.013110496,0.006828004,3.1817135,6150016,8
467,466,5.019938496,0.006828,3.1884779,6150016,8
468,467,5.0267665,0.006828004,3.1953052,6150016,8
469,468,5.033594504,0.006828004,3.2021482,6150016,8
470,469,5.040422508,0.006828004,3.2090375,6150016,8
471,470,5.047250512,0.006828004,3.2157968,6150016,8
472,471,5.054078516,0.006828004,3.2226358,6150016,8
473,472,5.06090652,0.006828004,3.229441,6150016,8
474,473,5.067734524,0.006828004,3.2362744,6150016,8
475,474,5.074562528,0.006828004,3.2430901,6150016,8
476,475,5.081390528,0.006828,3.2499336,6150016,8
477,476,5.088218532,0.006828004,3.2567488,6150016,8
478,477,5.095046536,0.006828004,3.2635956,6150016,8
479,478,5.10187454,0.006828004,3.2704212,6150016,8
480,479,5.108702544,0.006828004,3.2772398,6150016,8
481,480,5.115530548,0.006828004,3.2840888,6150016,8
482,481,5.122359552,0.006829004,3.2909685,6150016,8
483,482,5.129187556,0.006828004,3.2977405,6150016,8
484,483,5.136015556,0.006828,3.3045597,6150016,8
485,484,5.14284356,0.006828004,3.311377,6150016,8
486,485,5.149671564,0.006828004,3.3182176,6150016,8
487,486,5.156499568,0.006828004,3.3250315,6150016,8
488,487,5.163327572,0.006828004,3.3318693,6150016,8
489,488,5.170155576,0.006828004,3.3386794,6150016,8
490,489,5.17698358,0.006828004,3.3455156,6150016,8
491,490,5.183811584,0.006828004,3.3523653,6150016,8
492,491,5.190639588,0.006828004,3.3592422,6150016,8
493,492,5.197467588,0.006828,3.3660101,6150016,8
494,493,5.204295592,0.006828004,3.3728467,6150016,8
495,494,5.211123596,0.006828004,3.3797046,6150016,8
496,495,5.2179516,0.006828004,3.3865394,6150016,8
497,496,5.224779604,0.006828004,3.3933221,6150016,8
498,497,5.231607608,0.006828004,3.4001568,6150016,8
499,498,5.238435612,0.006828004,3.4070393,6150016,8
500,499,5.245264616,0.006829004,3.4138136,6150016,8
501,500,5.252092616,0.006828,3.4206294,6150016,8
502,501,5.25892062,0.006828004,3.4274606,6150016,8
503,502,5.265748624,0.006828004,3.4343139,6150016,8
504,503,5.272576628,0.006828004,3.4411332,6150016,8
505,504,5.279404632,0.006828004,3.4479374,6150016,8
506,505,5.286232636,0.006828004,3.4547573,6150016,8
507,506,5.29306064,0.006828004,3.4615854,6150016,8
508,507,5.299888644,0.006828004,3.4684184,6150016,8
509,508,5.306716644,0.006828,3.4752586,6150016,8
510,509,5.313544648,0.006828004,3.4821501,6150016,8
511,510,5.320372652,0.006828004,3.4889019,6150016,8
512,511,5.327200656,0.006828004,3.4957221,6150016,8
513,512,5.33402866,0.006828004,3.5025717,6150016,8
514,513,5.340856664,0.006828004,3.5093919,6150016,8
515,514,5.347684668,0.006828004,3.5162159,6150016,8
516,515,5.354512668,0.006828,3.5230671,6150016,8
517,516,5.361341672,0.006829004,3.5298764,6150016,8
518,517,5.368169676,0.006828004,3.5367339,6150016,8
519,518,5.37499768,0.006828004,3.5435454,6150016,8
520,519,5.381825684,0.006828004,3.5503655,6150016,8
521,520,5.388653688,0.006828004,3.5571964,6150016,8
522,521,5.395481692,0.006828004,3.5640258,6150016,8
523,522,5.402309692,0.006828,3.5708548,6150016,8
524,523,5.409137696,0.006828004,3.5776553,6150016,8
525,524,5.4159657,0.006828004,3.5845429,6150016,8
526,525,5.422793704,0.006828004,3.5913075,6150016,8
527,526,5.429621708,0.006828004,3.5981479,6150016,8
528,527,5.436449712,0.006828004,3.6049654,6150016,8
529,528,5.443277716,0.006828004,3.6118107,6150016,8
530,529,5.450105716,0.006828,3.6186201,6150016,8
531,530,5.45693372,0.006828004,3.6254647,6150016,8
532,531,5.463761724,0.006828004,3.6323597,6150016,8
533,532,5.470589728,0.006828004,3.6391907,6150016,8
534,533,5.477417732,0.006828004,3.6459286,6150016,8
535,534,5.484246736,0.006829004,3.6528,6150016,8
536,535,5.49107474,0.006828004,3.6596424,6150016,8
537,536,5.49790274,0.006828,3.6664246,6150016,8
538,537,5.504730744,0.006828004,3.6732881,6150016,8
539,538,5.511558748,0.006828004,3.6801151,6150016,8
540,539,5.518386752,0.006828004,3.6869277,6150016,8
541,540,5.525214756,0.006828004,3.6937509,6150016,8
542,541,5.53204276,0.006828004,3.700625,6150016,8
543,542,5.538870764,0.006828004,3.7074245,6150016,8
544,543,5.545698764,0.006828,3.7142144,6150016,8
545,544,5.552526768,0.006828004,3.721029,6150016,8
546,545,5.559354772,0.006828004,3.7278629,6150016,8
547,546,5.566182776,0.006828004,3.7347188,6150016,8
548,547,5.57301078,0.006828004,3.7415416,6150016,8
549,548,5.579838784,0.006828004,3.7483675,6150016,8
550,549,5.586666788,0.006828004,3.7551856,6150016,8
551,550,5.593494788,0.006828,3.7620135,6150016,8
552,551,5.600322792,0.006828004,3.7688399,6150016,8
553,552,5.607151796,0.006829004,3.7757126,6150016,8
554,553,5.6139798,0.006828004,3.7825741,6150016,8
555,554,5.620807804,0.006828004,3.7893218,6150016,8
556,555,5.627635808,0.006828004,3.7961425,6150016,8
557,556,5.634463808,0.006828,3.8029703,6150016,8
558,557,5.641291812,0.006828004,3.80982,6150016,8
559,558,5.648119816,0.006828004,3.8166236,6150016,8
560,559,5.65494782,0.006828004,3.8234442,6150016,8
561,560,5.661775824,0.006828004,3.8302988,6150016,8
562,561,5.668603828,0.006828004,3.837119,6150016,8
563,562,5.675431828,0.006828,3.8439442,6150016,8
564,563,5.682259832,0.006828004,3.8507914,6150016,8
565,564,5.689087836,0.006828004,3.8576145,6150016,8
566,565,5.69591584,0.006828004,3.8644279,6150016,8
567,566,5.702743844,0.006828004,3.8712685,6150016,8
568,567,5.709571848,0.006828004,3.8781036,6150016,8
569,568,5.716399848,0.006828,3.8849221,6150016,8
570,569,5.723228852,0.006829004,3.8917586,6150016,8
571,570,5.730056856,0.006828004,3.8985859,6150016,8
572,571,5.73688486,0.006828004,3.9053995,6150016,8
573,572,5.743712864,0.006828004,3.912237,6150016,8
574,573,5.750540868,0.006828004,3.9190757,6150016,8
575,574,5.757368868,0.006828,3.9259141,6150016,8
576,575,5.764196872,0.006828004,3.9327203,6150016,8
577,576,5.771024876,0.006828004,3.9395251,6150016,8
578,577,5.77785288,0.006828004,3.9463572,6150016,8
579,578,5.784680884,0.006828004,3.953211,6150016,8
580,579,5.791508888,0.006828004,3.9600308,6150016,8
581,580,5.798336888,0.006828,3.9668522,6150016,8
582,581,5.805164892,0.006828004,3.9737109,6150016,8
583,582,5.811992896,0.006828004,3.9805119,6150016,8
584,583,5.8188209,0.006828004,3.9873348,6150016,8
585,584,5.825648904,0.006828004,3.9941409,6150016,8
586,585,5.832476908,0.006828004,4.001017,6150016,8
587,586,5.839304908,0.006828,4.0078499,6150016,8
588,587,5.846133912,0.006829004,4.0146731,6150016,8
589,588,5.852961916,0.006828004,4.0214778,6150016,8
590,589,5.85978992,0.006828004,4.0285657,6150016,8
591,590,5.866617924,0.006828004,4.0351392,6150016,8
592,591,5.873445928,0.006828004,4.0419633,6150016,8
593,592,5.880273928,0.006828,4.0488005,6150016,8
594,593,5.887101932,0.006828004,4.0555978,6150016,8
595,594,5.893929936,0.006828004,4.0624478,6150016,8
596,595,5.90075794,0.006828004,4.0692506,6150016,8
597,596,5.907585944,0.006828004,4.0761498,6150016,8
598,597,5.914413944,0.006828,4.0829172,6150016,8
599,598,5.921241948,0.006828004,4.0897645,6150016,8
600,599,5.928069952,0.006828004,4.0965759,6150016,8
RESULT TARGET_REACHED markers=600 records=600 samples=3690009600 pending_marker=0 max_remaining_elements=3067904 max_first_element=8
MISSED_LINE_COUNT=UNKNOWN (external LINE counter required)
STOP: board tail beyond diagnostic target/time limit is not included
RESTORED gate/termination/trigger-output; acquisition settings remain test values
PROBE_EXIT_CODE=0
