MODEL SA230P OPTIONS CH1,MEA,EXC,DGT,CST SERIAL AQ00071865
DRIVER 3.9.20621.38
FIRMWARE Stage1 Version 3.7.393.0, FPGA Firmware Version 3.7.393.70110/AVG.CST.DGT/SFIR, FE CPLD 1/0.4.0.0
IO ControlIO1 CURRENT Disabled AVAILABLE Disabled,Out-LowLevel,Out-HighLevel,In-AccumulationEnable,Out-Software,In-Software,In-EnableFirstTrigger,In-StateMonitoring
IO ControlIO2 CURRENT Disabled AVAILABLE Disabled,Out-LowLevel,Out-HighLevel,Out-AcquisitionActive,In-TriggerEnable,Out-Software,In-Software,In-EnableFirstTrigger,In-StateMonitoring
IO ControlIO3 CURRENT Disabled AVAILABLE Disabled,Out-LowLevel,Out-HighLevel,Out-AnalyzerArmed,Out-Software,In-Software,In-EnableFirstTrigger
GATE_CAPABILITY ControlIO2 (does not prove first-edge timing or CST operation)
SETUP_APPLIED CST=Triggered gate=ControlIO2 signal=In-TriggerEnable samples=6150016 rate=1e9 threshold_50ohm_V=1
ARMED: waiting for hardware-qualified edges; DIAGNOSTIC ONLY, WAVEFORMS NOT SAVED
record,index,first_sample_s,interval_s,host_elapsed_s,samples,firstElement
WAVE_PREVIEW stride=64 raw_min=-32768 raw_max=-6433 rises=6 approx_frequency_Hz=1000.06400409626 (raw units, not calibrated amplitude; 0 means insufficient crossings)
1,0,1.838654628,0,0.0090685,6150016,8
2,1,1.844805636,0.006151008,0.0143805,6150016,8
3,2,1.85095664,0.006151004,0.020526,6150016,8
4,3,1.857107644,0.006151004,0.0266167,6150016,8
5,4,1.863258648,0.006151004,0.0328065,6150016,8
6,5,1.869409652,0.006151004,0.0389953,6150016,8
7,6,1.87581266,0.006403008,0.0453894,6150016,8
8,7,1.882640664,0.006828004,0.0522146,6150016,8
9,8,1.889468668,0.006828004,0.059147,6150016,8
10,9,1.896296676,0.006828008,0.06584,6150016,8
11,10,1.90312568,0.006829004,0.072697,6150016,8
12,11,1.909953688,0.006828008,0.0795546,6150016,8
13,12,1.916781692,0.006828004,0.0863518,6150016,8
14,13,1.923609696,0.006828004,0.093199,6150016,8
15,14,1.930437704,0.006828008,0.1000553,6150016,8
16,15,1.937265708,0.006828004,0.1069447,6150016,8
17,16,1.944093712,0.006828004,0.1137191,6150016,8
18,17,1.95092172,0.006828008,0.1204793,6150016,8
19,18,1.957749724,0.006828004,0.1272877,6150016,8
20,19,1.964577728,0.006828004,0.1341451,6150016,8
21,20,1.971405736,0.006828008,0.1409487,6150016,8
22,21,1.97823374,0.006828004,0.1477954,6150016,8
23,22,1.985061744,0.006828004,0.1546248,6150016,8
24,23,1.991889752,0.006828008,0.1614957,6150016,8
25,24,1.998717756,0.006828004,0.1682815,6150016,8
26,25,2.005545764,0.006828008,0.1751114,6150016,8
27,26,2.012373768,0.006828004,0.1819358,6150016,8
28,27,2.019202772,0.006829004,0.188783,6150016,8
29,28,2.02603078,0.006828008,0.1955867,6150016,8
30,29,2.032858784,0.006828004,0.2024107,6150016,8
31,30,2.039686788,0.006828004,0.2092344,6150016,8
32,31,2.046514796,0.006828008,0.2160817,6150016,8
33,32,2.0533428,0.006828004,0.2229139,6150016,8
34,33,2.060170804,0.006828004,0.2298134,6150016,8
35,34,2.066998812,0.006828008,0.236612,6150016,8
36,35,2.073826816,0.006828004,0.2434197,6150016,8
37,36,2.08065482,0.006828004,0.250228,6150016,8
38,37,2.087482828,0.006828008,0.2570511,6150016,8
39,38,2.094310832,0.006828004,0.2638755,6150016,8
40,39,2.101138836,0.006828004,0.2707041,6150016,8
41,40,2.107966844,0.006828008,0.2775633,6150016,8
42,41,2.114794848,0.006828004,0.2843742,6150016,8
43,42,2.121622852,0.006828004,0.2912091,6150016,8
44,43,2.12845086,0.006828008,0.2979996,6150016,8
45,44,2.135278864,0.006828004,0.3048545,6150016,8
46,45,2.142107868,0.006829004,0.3116568,6150016,8
47,46,2.148935876,0.006828008,0.318474,6150016,8
48,47,2.15576388,0.006828004,0.3252952,6150016,8
49,48,2.162591884,0.006828004,0.3321468,6150016,8
50,49,2.169419892,0.006828008,0.3389706,6150016,8
51,50,2.176247896,0.006828004,0.3457924,6150016,8
52,51,2.183075904,0.006828008,0.3526385,6150016,8
53,52,2.189903908,0.006828004,0.3594456,6150016,8
54,53,2.196731912,0.006828004,0.366263,6150016,8
55,54,2.20355992,0.006828008,0.3731076,6150016,8
56,55,2.210387924,0.006828004,0.3800529,6150016,8
57,56,2.217215928,0.006828004,0.3868472,6150016,8
58,57,2.224043936,0.006828008,0.3936289,6150016,8
59,58,2.23087194,0.006828004,0.400438,6150016,8
60,59,2.237699944,0.006828004,0.4072692,6150016,8
61,60,2.244527952,0.006828008,0.4140948,6150016,8
62,61,2.251355956,0.006828004,0.4209139,6150016,8
63,62,2.25818496,0.006829004,0.4277549,6150016,8
64,63,2.265012968,0.006828008,0.4345634,6150016,8
65,64,2.271840972,0.006828004,0.4413838,6150016,8
66,65,2.278668976,0.006828004,0.4482133,6150016,8
67,66,2.28549698,0.006828004,0.4550535,6150016,8
68,67,2.292324988,0.006828008,0.4618668,6150016,8
69,68,2.299152992,0.006828004,0.4686987,6150016,8
70,69,2.305980996,0.006828004,0.4755179,6150016,8
71,70,2.312809004,0.006828008,0.4823493,6150016,8
72,71,2.319637008,0.006828004,0.4891649,6150016,8
73,72,2.326465012,0.006828004,0.4959955,6150016,8
74,73,2.33329302,0.006828008,0.5028404,6150016,8
75,74,2.340121024,0.006828004,0.5096833,6150016,8
76,75,2.346949028,0.006828004,0.5164849,6150016,8
77,76,2.353777036,0.006828008,0.5233838,6150016,8
78,77,2.36060504,0.006828004,0.5302012,6150016,8
79,78,2.367433044,0.006828004,0.5369958,6150016,8
80,79,2.374262052,0.006829008,0.5438142,6150016,8
81,80,2.381090056,0.006828004,0.5506165,6150016,8
82,81,2.38791806,0.006828004,0.5574753,6150016,8
83,82,2.394746068,0.006828008,0.5643022,6150016,8
84,83,2.401574072,0.006828004,0.5711403,6150016,8
85,84,2.408402076,0.006828004,0.5779989,6150016,8
86,85,2.415230084,0.006828008,0.5847664,6150016,8
87,86,2.422058088,0.006828004,0.5916011,6150016,8
88,87,2.428886092,0.006828004,0.598435,6150016,8
89,88,2.4357141,0.006828008,0.6052549,6150016,8
90,89,2.442542104,0.006828004,0.6120726,6150016,8
91,90,2.449370108,0.006828004,0.618906,6150016,8
92,91,2.456198116,0.006828008,0.6257441,6150016,8
93,92,2.46302612,0.006828004,0.6325711,6150016,8
94,93,2.469854124,0.006828004,0.6393942,6150016,8
95,94,2.476682132,0.006828008,0.6463077,6150016,8
96,95,2.483510136,0.006828004,0.6530611,6150016,8
97,96,2.49033814,0.006828004,0.6598808,6150016,8
98,97,2.497167148,0.006829008,0.6667068,6150016,8
99,98,2.503995152,0.006828004,0.67353,6150016,8
100,99,2.510823156,0.006828004,0.6803702,6150016,8
101,100,2.51765116,0.006828004,0.6871667,6150016,8
102,101,2.524479168,0.006828008,0.6940022,6150016,8
103,102,2.531307172,0.006828004,0.7008317,6150016,8
104,103,2.538135176,0.006828004,0.7076852,6150016,8
105,104,2.544963184,0.006828008,0.7145021,6150016,8
106,105,2.551791188,0.006828004,0.7213146,6150016,8
107,106,2.558619192,0.006828004,0.728157,6150016,8
108,107,2.5654472,0.006828008,0.7349537,6150016,8
109,108,2.572275204,0.006828004,0.7418232,6150016,8
110,109,2.579103208,0.006828004,0.7486817,6150016,8
111,110,2.585931216,0.006828008,0.7554739,6150016,8
112,111,2.59275922,0.006828004,0.7623055,6150016,8
113,112,2.599587224,0.006828004,0.7692555,6150016,8
114,113,2.606415228,0.006828004,0.7761411,6150016,8
115,114,2.613244236,0.006829008,0.7827821,6150016,8
116,115,2.62007224,0.006828004,0.7896207,6150016,8
117,116,2.626900244,0.006828004,0.7964549,6150016,8
118,117,2.633728252,0.006828008,0.8033382,6150016,8
119,118,2.640556256,0.006828004,0.8100726,6150016,8
120,119,2.64738426,0.006828004,0.8169154,6150016,8
121,120,2.654212268,0.006828008,0.8237412,6150016,8
122,121,2.661040272,0.006828004,0.830566,6150016,8
123,122,2.667868276,0.006828004,0.8373926,6150016,8
124,123,2.67469628,0.006828004,0.8442314,6150016,8
125,124,2.681524288,0.006828008,0.8510494,6150016,8
126,125,2.688352292,0.006828004,0.8578771,6150016,8
127,126,2.695180296,0.006828004,0.864723,6150016,8
128,127,2.702008304,0.006828008,0.8715573,6150016,8
129,128,2.708836308,0.006828004,0.8783701,6150016,8
130,129,2.715664312,0.006828004,0.88524,6150016,8
131,130,2.722492316,0.006828004,0.8920258,6150016,8
132,131,2.729321324,0.006829008,0.8988992,6150016,8
133,132,2.736149328,0.006828004,0.9056924,6150016,8
134,133,2.742977332,0.006828004,0.9125077,6150016,8
135,134,2.74980534,0.006828008,0.9193234,6150016,8
136,135,2.756633344,0.006828004,0.9261628,6150016,8
137,136,2.763461348,0.006828004,0.9329819,6150016,8
138,137,2.770289356,0.006828008,0.9398081,6150016,8
139,138,2.77711736,0.006828004,0.946709,6150016,8
140,139,2.783945364,0.006828004,0.9534494,6150016,8
141,140,2.790773368,0.006828004,0.9602972,6150016,8
142,141,2.797601376,0.006828008,0.9671211,6150016,8
143,142,2.80442938,0.006828004,0.9739572,6150016,8
144,143,2.811257384,0.006828004,0.9807782,6150016,8
145,144,2.818085392,0.006828008,0.9875888,6150016,8
146,145,2.824913396,0.006828004,0.9944382,6150016,8
147,146,2.8317414,0.006828004,1.0012768,6150016,8
148,147,2.838569404,0.006828004,1.0081097,6150016,8
149,148,2.845397412,0.006828008,1.014924,6150016,8
150,149,2.852226416,0.006829004,1.0217871,6150016,8
151,150,2.85905442,0.006828004,1.0286035,6150016,8
152,151,2.865882428,0.006828008,1.0354069,6150016,8
153,152,2.872710432,0.006828004,1.0422374,6150016,8
154,153,2.879538436,0.006828004,1.0490475,6150016,8
155,154,2.88636644,0.006828004,1.0558796,6150016,8
156,155,2.893194448,0.006828008,1.0627216,6150016,8
157,156,2.900022452,0.006828004,1.0695591,6150016,8
158,157,2.906850456,0.006828004,1.0763645,6150016,8
159,158,2.91367846,0.006828004,1.0831904,6150016,8
160,159,2.920506468,0.006828008,1.0900235,6150016,8
161,160,2.927334472,0.006828004,1.0968777,6150016,8
162,161,2.934162476,0.006828004,1.1036644,6150016,8
163,162,2.940990484,0.006828008,1.1104829,6150016,8
164,163,2.947818488,0.006828004,1.1173319,6150016,8
165,164,2.954646492,0.006828004,1.1242879,6150016,8
166,165,2.961474496,0.006828004,1.1310171,6150016,8
167,166,2.968303504,0.006829008,1.1380824,6150016,8
168,167,2.975131508,0.006828004,1.1446617,6150016,8
169,168,2.981959512,0.006828004,1.1514688,6150016,8
170,169,2.98878752,0.006828008,1.1583202,6150016,8
171,170,2.995615524,0.006828004,1.1651101,6150016,8
172,171,3.002443528,0.006828004,1.1720257,6150016,8
173,172,3.009271532,0.006828004,1.1787779,6150016,8
174,173,3.01609954,0.006828008,1.1856098,6150016,8
175,174,3.022927544,0.006828004,1.1924393,6150016,8
176,175,3.029755548,0.006828004,1.1992605,6150016,8
177,176,3.036583552,0.006828004,1.2060992,6150016,8
178,177,3.04341156,0.006828008,1.2129367,6150016,8
179,178,3.050239564,0.006828004,1.2198085,6150016,8
180,179,3.057067568,0.006828004,1.226564,6150016,8
181,180,3.063895572,0.006828004,1.2334206,6150016,8
182,181,3.07072358,0.006828008,1.2402317,6150016,8
183,182,3.077551584,0.006828004,1.2471063,6150016,8
184,183,3.084379588,0.006828004,1.2539225,6150016,8
185,184,3.091208596,0.006829008,1.2607462,6150016,8
186,185,3.0980366,0.006828004,1.2675599,6150016,8
187,186,3.104864604,0.006828004,1.27437,6150016,8
188,187,3.111692608,0.006828004,1.2812315,6150016,8
189,188,3.118520616,0.006828008,1.2880677,6150016,8
190,189,3.12534862,0.006828004,1.2948559,6150016,8
191,190,3.132176624,0.006828004,1.3017179,6150016,8
192,191,3.139004628,0.006828004,1.3085092,6150016,8
193,192,3.145832636,0.006828008,1.3153677,6150016,8
194,193,3.15266064,0.006828004,1.3221667,6150016,8
195,194,3.159488644,0.006828004,1.3289928,6150016,8
196,195,3.166316648,0.006828004,1.335884,6150016,8
197,196,3.173144656,0.006828008,1.3426841,6150016,8
198,197,3.17997266,0.006828004,1.3494595,6150016,8
199,198,3.186800664,0.006828004,1.356328,6150016,8
200,199,3.193628668,0.006828004,1.3633161,6150016,8
201,200,3.200456676,0.006828008,1.3699914,6150016,8
202,201,3.20728468,0.006828004,1.3768586,6150016,8
203,202,3.214113684,0.006829004,1.383664,6150016,8
204,203,3.220941688,0.006828004,1.3904411,6150016,8
205,204,3.227769696,0.006828008,1.3973497,6150016,8
206,205,3.2345977,0.006828004,1.4041069,6150016,8
207,206,3.241425704,0.006828004,1.4109617,6150016,8
208,207,3.248253708,0.006828004,1.4177532,6150016,8
209,208,3.255081716,0.006828008,1.4245768,6150016,8
210,209,3.26190972,0.006828004,1.4314308,6150016,8
211,210,3.268737724,0.006828004,1.4383025,6150016,8
212,211,3.275565728,0.006828004,1.4450598,6150016,8
213,212,3.282393736,0.006828008,1.4518672,6150016,8
214,213,3.28922174,0.006828004,1.4587219,6150016,8
215,214,3.296049744,0.006828004,1.4655472,6150016,8
216,215,3.302877748,0.006828004,1.4723712,6150016,8
217,216,3.309705756,0.006828008,1.4791986,6150016,8
218,217,3.31653376,0.006828004,1.4860792,6150016,8
219,218,3.323361764,0.006828004,1.4928748,6150016,8
220,219,3.330190768,0.006829004,1.4997133,6150016,8
221,220,3.337018776,0.006828008,1.5065196,6150016,8
222,221,3.34384678,0.006828004,1.5133869,6150016,8
223,222,3.350674784,0.006828004,1.520196,6150016,8
224,223,3.357502788,0.006828004,1.5269825,6150016,8
225,224,3.364330796,0.006828008,1.5338348,6150016,8
226,225,3.3711588,0.006828004,1.5406731,6150016,8
227,226,3.377986804,0.006828004,1.5474985,6150016,8
228,227,3.384814808,0.006828004,1.55433,6150016,8
229,228,3.391642816,0.006828008,1.5611917,6150016,8
230,229,3.39847082,0.006828004,1.5679545,6150016,8
231,230,3.405298824,0.006828004,1.5747897,6150016,8
232,231,3.412126828,0.006828004,1.5816178,6150016,8
233,232,3.418954836,0.006828008,1.5884494,6150016,8
234,233,3.42578284,0.006828004,1.5952915,6150016,8
235,234,3.432610844,0.006828004,1.6021022,6150016,8
236,235,3.439438848,0.006828004,1.608962,6150016,8
237,236,3.446266852,0.006828004,1.6157775,6150016,8
238,237,3.45309586,0.006829008,1.6226131,6150016,8
239,238,3.459923864,0.006828004,1.6294779,6150016,8
240,239,3.466751868,0.006828004,1.636255,6150016,8
241,240,3.473579872,0.006828004,1.6430792,6150016,8
242,241,3.48040788,0.006828008,1.6498933,6150016,8
243,242,3.487235884,0.006828004,1.6567187,6150016,8
244,243,3.494063888,0.006828004,1.663557,6150016,8
245,244,3.500891892,0.006828004,1.6703934,6150016,8
246,245,3.5077199,0.006828008,1.6772058,6150016,8
247,246,3.514547904,0.006828004,1.6840423,6150016,8
248,247,3.521375908,0.006828004,1.6908691,6150016,8
249,248,3.528203912,0.006828004,1.6977035,6150016,8
250,249,3.535031916,0.006828004,1.704589,6150016,8
251,250,3.541859924,0.006828008,1.7113506,6150016,8
252,251,3.548687928,0.006828004,1.7181622,6150016,8
253,252,3.555515932,0.006828004,1.7250227,6150016,8
254,253,3.562343936,0.006828004,1.7318628,6150016,8
255,254,3.569171944,0.006828008,1.7386932,6150016,8
256,255,3.576000948,0.006829004,1.7455176,6150016,8
257,256,3.582828952,0.006828004,1.75231,6150016,8
258,257,3.589656956,0.006828004,1.7591526,6150016,8
259,258,3.59648496,0.006828004,1.7659858,6150016,8
260,259,3.603312968,0.006828008,1.7728198,6150016,8
261,260,3.610140972,0.006828004,1.7797051,6150016,8
262,261,3.616968976,0.006828004,1.7864932,6150016,8
263,262,3.62379698,0.006828004,1.7932874,6150016,8
264,263,3.630624988,0.006828008,1.8001102,6150016,8
265,264,3.637452992,0.006828004,1.8069318,6150016,8
266,265,3.644280996,0.006828004,1.8137719,6150016,8
267,266,3.651109,0.006828004,1.8205905,6150016,8
268,267,3.657937004,0.006828004,1.8274466,6150016,8
269,268,3.664765012,0.006828008,1.8342398,6150016,8
270,269,3.671593016,0.006828004,1.8410747,6150016,8
271,270,3.67842102,0.006828004,1.848044,6150016,8
272,271,3.685249024,0.006828004,1.8547585,6150016,8
273,272,3.692078028,0.006829004,1.8618186,6150016,8
274,273,3.698906036,0.006828008,1.8683665,6150016,8
275,274,3.70573404,0.006828004,1.8752191,6150016,8
276,275,3.712562044,0.006828004,1.8820631,6150016,8
277,276,3.719390048,0.006828004,1.8889286,6150016,8
278,277,3.726218056,0.006828008,1.8957046,6150016,8
279,278,3.73304606,0.006828004,1.9025807,6150016,8
280,279,3.739874064,0.006828004,1.90935,6150016,8
281,280,3.746702068,0.006828004,1.9161711,6150016,8
282,281,3.753530072,0.006828004,1.9230063,6150016,8
283,282,3.76035808,0.006828008,1.9298814,6150016,8
284,283,3.767186084,0.006828004,1.9366821,6150016,8
285,284,3.774014088,0.006828004,1.9434874,6150016,8
286,285,3.780842092,0.006828004,1.9503147,6150016,8
287,286,3.787670096,0.006828004,1.9571647,6150016,8
288,287,3.794498104,0.006828008,1.9639734,6150016,8
289,288,3.801326108,0.006828004,1.9708382,6150016,8
290,289,3.808154112,0.006828004,1.9776834,6150016,8
291,290,3.814983116,0.006829004,1.9844711,6150016,8
292,291,3.82181112,0.006828004,1.991303,6150016,8
293,292,3.828639128,0.006828008,1.9981181,6150016,8
294,293,3.835467132,0.006828004,2.0050332,6150016,8
295,294,3.842295136,0.006828004,2.0117716,6150016,8
296,295,3.84912314,0.006828004,2.0185907,6150016,8
297,296,3.855951144,0.006828004,2.0254146,6150016,8
298,297,3.862779152,0.006828008,2.0322545,6150016,8
299,298,3.869607156,0.006828004,2.0391153,6150016,8
300,299,3.87643516,0.006828004,2.0459259,6150016,8
301,300,3.883263164,0.006828004,2.0527449,6150016,8
302,301,3.890091168,0.006828004,2.0596532,6150016,8
303,302,3.896919176,0.006828008,2.0663723,6150016,8
304,303,3.90374718,0.006828004,2.0732237,6150016,8
305,304,3.910575184,0.006828004,2.0800574,6150016,8
306,305,3.917403188,0.006828004,2.0868608,6150016,8
307,306,3.924231192,0.006828004,2.0937142,6150016,8
308,307,3.9310602,0.006829008,2.1005581,6150016,8
309,308,3.937888204,0.006828004,2.1074086,6150016,8
310,309,3.944716208,0.006828004,2.1142453,6150016,8
311,310,3.951544212,0.006828004,2.1210169,6150016,8
312,311,3.958372216,0.006828004,2.1278473,6150016,8
313,312,3.965200224,0.006828008,2.1346677,6150016,8
314,313,3.972028228,0.006828004,2.1414892,6150016,8
315,314,3.978856232,0.006828004,2.1483302,6150016,8
316,315,3.985684236,0.006828004,2.1551644,6150016,8
317,316,3.99251224,0.006828004,2.1619612,6150016,8
318,317,3.999340248,0.006828008,2.1688079,6150016,8
319,318,4.006168252,0.006828004,2.1756363,6150016,8
320,319,4.012996256,0.006828004,2.1824771,6150016,8
321,320,4.01982426,0.006828004,2.1893072,6150016,8
322,321,4.026652264,0.006828004,2.19615,6150016,8
323,322,4.033480268,0.006828004,2.2029661,6150016,8
324,323,4.040308276,0.006828008,2.2097967,6150016,8
325,324,4.04713728,0.006829004,2.2166439,6150016,8
326,325,4.053965284,0.006828004,2.2234302,6150016,8
327,326,4.060793288,0.006828004,2.2303327,6150016,8
328,327,4.067621292,0.006828004,2.2370958,6150016,8
329,328,4.0744493,0.006828008,2.2439072,6150016,8
330,329,4.081277304,0.006828004,2.2507389,6150016,8
331,330,4.088105308,0.006828004,2.2575601,6150016,8
332,331,4.094933312,0.006828004,2.2644125,6150016,8
333,332,4.101761316,0.006828004,2.2712577,6150016,8
334,333,4.10858932,0.006828004,2.2780689,6150016,8
335,334,4.115417328,0.006828008,2.2848798,6150016,8
336,335,4.122245332,0.006828004,2.2917212,6150016,8
337,336,4.129073336,0.006828004,2.2985442,6150016,8
338,337,4.13590134,0.006828004,2.3053888,6150016,8
339,338,4.142729344,0.006828004,2.3121952,6150016,8
340,339,4.149557352,0.006828008,2.3190235,6150016,8
341,340,4.156385356,0.006828004,2.3258508,6150016,8
342,341,4.16321336,0.006828004,2.3327113,6150016,8
343,342,4.170042364,0.006829004,2.3395401,6150016,8
344,343,4.176870368,0.006828004,2.3464354,6150016,8
345,344,4.183698372,0.006828004,2.3531725,6150016,8
346,345,4.19052638,0.006828008,2.359976,6150016,8
347,346,4.197354384,0.006828004,2.3668053,6150016,8
348,347,4.204182388,0.006828004,2.3736517,6150016,8
349,348,4.211010392,0.006828004,2.3804784,6150016,8
350,349,4.217838396,0.006828004,2.3873019,6150016,8
351,350,4.2246664,0.006828004,2.3941038,6150016,8
352,351,4.231494408,0.006828008,2.4011007,6150016,8
353,352,4.238322412,0.006828004,2.4077971,6150016,8
354,353,4.245150416,0.006828004,2.4146506,6150016,8
355,354,4.25197842,0.006828004,2.4214558,6150016,8
356,355,4.258806424,0.006828004,2.4283185,6150016,8
357,356,4.265634428,0.006828004,2.4350868,6150016,8
358,357,4.272462436,0.006828008,2.4419225,6150016,8
359,358,4.27929044,0.006828004,2.4488549,6150016,8
360,359,4.286119444,0.006829004,2.4556324,6150016,8
361,360,4.292947448,0.006828004,2.4624224,6150016,8
362,361,4.299775452,0.006828004,2.469245,6150016,8
363,362,4.306603456,0.006828004,2.4760554,6150016,8
364,363,4.313431464,0.006828008,2.4828877,6150016,8
365,364,4.320259468,0.006828004,2.4897171,6150016,8
366,365,4.327087472,0.006828004,2.496553,6150016,8
367,366,4.333915476,0.006828004,2.5033657,6150016,8
368,367,4.34074348,0.006828004,2.5102085,6150016,8
369,368,4.347571484,0.006828004,2.5170098,6150016,8
370,369,4.354399492,0.006828008,2.5238584,6150016,8
371,370,4.361227496,0.006828004,2.5306772,6150016,8
372,371,4.3680555,0.006828004,2.5374962,6150016,8
373,372,4.374883504,0.006828004,2.5443249,6150016,8
374,373,4.381711508,0.006828004,2.5511563,6150016,8
375,374,4.388539512,0.006828004,2.5580013,6150016,8
376,375,4.395367516,0.006828004,2.5648228,6150016,8
377,376,4.402195524,0.006828008,2.5718158,6150016,8
378,377,4.409024528,0.006829004,2.5784877,6150016,8
379,378,4.415852532,0.006828004,2.5853474,6150016,8
380,379,4.422680536,0.006828004,2.5921674,6150016,8
381,380,4.42950854,0.006828004,2.5989697,6150016,8
382,381,4.436336544,0.006828004,2.6058082,6150016,8
383,382,4.443164552,0.006828008,2.6126083,6150016,8
384,383,4.449992556,0.006828004,2.6194541,6150016,8
385,384,4.45682056,0.006828004,2.626255,6150016,8
386,385,4.463648564,0.006828004,2.6331283,6150016,8
387,386,4.470476568,0.006828004,2.6399266,6150016,8
388,387,4.477304572,0.006828004,2.6468371,6150016,8
389,388,4.484132576,0.006828004,2.6535759,6150016,8
390,389,4.490960584,0.006828008,2.6603953,6150016,8
391,390,4.497788588,0.006828004,2.667239,6150016,8
392,391,4.504616592,0.006828004,2.6740537,6150016,8
393,392,4.511444596,0.006828004,2.680904,6150016,8
394,393,4.5182726,0.006828004,2.6878064,6150016,8
395,394,4.525100604,0.006828004,2.6946016,6150016,8
396,395,4.531929608,0.006829004,2.7013921,6150016,8
397,396,4.538757616,0.006828008,2.7082516,6150016,8
398,397,4.54558562,0.006828004,2.7150503,6150016,8
399,398,4.552413624,0.006828004,2.7218701,6150016,8
400,399,4.559241628,0.006828004,2.7286912,6150016,8
401,400,4.566069632,0.006828004,2.7354969,6150016,8
402,401,4.572897636,0.006828004,2.7423492,6150016,8
403,402,4.57972564,0.006828004,2.7491547,6150016,8
404,403,4.586553648,0.006828008,2.7560123,6150016,8
405,404,4.593381652,0.006828004,2.7628793,6150016,8
406,405,4.600209656,0.006828004,2.7696592,6150016,8
407,406,4.60703766,0.006828004,2.7764665,6150016,8
408,407,4.613865664,0.006828004,2.7833167,6150016,8
409,408,4.620693668,0.006828004,2.7901388,6150016,8
410,409,4.627521672,0.006828004,2.7969732,6150016,8
411,410,4.63434968,0.006828008,2.8038095,6150016,8
412,411,4.641177684,0.006828004,2.8106244,6150016,8
413,412,4.648006688,0.006829004,2.8174653,6150016,8
414,413,4.654834692,0.006828004,2.8243607,6150016,8
415,414,4.661662696,0.006828004,2.8311188,6150016,8
416,415,4.6684907,0.006828004,2.837947,6150016,8
417,416,4.675318704,0.006828004,2.8448297,6150016,8
418,417,4.682146712,0.006828008,2.8515721,6150016,8
419,418,4.688974716,0.006828004,2.8584136,6150016,8
420,419,4.69580272,0.006828004,2.8652368,6150016,8
421,420,4.702630724,0.006828004,2.8721011,6150016,8
422,421,4.709458728,0.006828004,2.8788828,6150016,8
423,422,4.716286732,0.006828004,2.88572,6150016,8
424,423,4.723114736,0.006828004,2.8925463,6150016,8
425,424,4.72994274,0.006828004,2.8993884,6150016,8
426,425,4.736770748,0.006828008,2.906242,6150016,8
427,426,4.743598752,0.006828004,2.9130598,6150016,8
428,427,4.750426756,0.006828004,2.9198823,6150016,8
429,428,4.75725476,0.006828004,2.9267013,6150016,8
430,429,4.764082764,0.006828004,2.9335368,6150016,8
431,430,4.770911768,0.006829004,2.9403887,6150016,8
432,431,4.777739772,0.006828004,2.9471888,6150016,8
433,432,4.784567776,0.006828004,2.9540064,6150016,8
434,433,4.791395784,0.006828008,2.960826,6150016,8
435,434,4.798223788,0.006828004,2.9676456,6150016,8
436,435,4.805051792,0.006828004,2.9745182,6150016,8
437,436,4.811879796,0.006828004,2.9813282,6150016,8
438,437,4.8187078,0.006828004,2.9881627,6150016,8
439,438,4.825535804,0.006828004,2.994955,6150016,8
440,439,4.832363808,0.006828004,3.0017813,6150016,8
441,440,4.839191812,0.006828004,3.0086212,6150016,8
442,441,4.846019816,0.006828004,3.0154535,6150016,8
443,442,4.852847824,0.006828008,3.0223044,6150016,8
444,443,4.859675828,0.006828004,3.0291085,6150016,8
445,444,4.866503832,0.006828004,3.0359456,6150016,8
446,445,4.873331836,0.006828004,3.0427634,6150016,8
447,446,4.88015984,0.006828004,3.0495835,6150016,8
448,447,4.886987844,0.006828004,3.0564487,6150016,8
449,448,4.893816848,0.006829004,3.0632572,6150016,8
450,449,4.900644852,0.006828004,3.0701023,6150016,8
451,450,4.907472856,0.006828004,3.0769125,6150016,8
452,451,4.914300864,0.006828008,3.0837213,6150016,8
453,452,4.921128868,0.006828004,3.090549,6150016,8
454,453,4.927956872,0.006828004,3.0973867,6150016,8
455,454,4.934784876,0.006828004,3.1042029,6150016,8
456,455,4.94161288,0.006828004,3.1110717,6150016,8
457,456,4.948440884,0.006828004,3.1178769,6150016,8
458,457,4.955268888,0.006828004,3.1247062,6150016,8
459,458,4.962096892,0.006828004,3.1315266,6150016,8
460,459,4.968924896,0.006828004,3.1383648,6150016,8
461,460,4.975752904,0.006828008,3.1451834,6150016,8
462,461,4.982580908,0.006828004,3.151985,6150016,8
463,462,4.989408912,0.006828004,3.1588492,6150016,8
464,463,4.996236916,0.006828004,3.1656521,6150016,8
465,464,5.00306492,0.006828004,3.172516,6150016,8
466,465,5.009893924,0.006829004,3.1793558,6150016,8
467,466,5.016721928,0.006828004,3.1861893,6150016,8
468,467,5.023549932,0.006828004,3.1929957,6150016,8
469,468,5.030377936,0.006828004,3.1998143,6150016,8
470,469,5.037205944,0.006828008,3.2066655,6150016,8
471,470,5.044033948,0.006828004,3.2135039,6150016,8
472,471,5.050861952,0.006828004,3.2202824,6150016,8
473,472,5.057689956,0.006828004,3.2271081,6150016,8
474,473,5.06451796,0.006828004,3.2339458,6150016,8
475,474,5.071345964,0.006828004,3.2407745,6150016,8
476,475,5.078173968,0.006828004,3.2475963,6150016,8
477,476,5.085001972,0.006828004,3.2544864,6150016,8
478,477,5.091829976,0.006828004,3.2612654,6150016,8
479,478,5.09865798,0.006828004,3.2680671,6150016,8
480,479,5.105485988,0.006828008,3.2748992,6150016,8
481,480,5.112313992,0.006828004,3.281718,6150016,8
482,481,5.119141996,0.006828004,3.2885655,6150016,8
483,482,5.12597,0.006828004,3.2954184,6150016,8
484,483,5.132799004,0.006829004,3.3022305,6150016,8
485,484,5.139627008,0.006828004,3.3090703,6150016,8
486,485,5.146455012,0.006828004,3.3158918,6150016,8
487,486,5.153283016,0.006828004,3.3227016,6150016,8
488,487,5.16011102,0.006828004,3.3296525,6150016,8
489,488,5.166939024,0.006828004,3.3363511,6150016,8
490,489,5.173767028,0.006828004,3.3431718,6150016,8
491,490,5.180595036,0.006828008,3.3500094,6150016,8
492,491,5.18742304,0.006828004,3.3568236,6150016,8
493,492,5.194251044,0.006828004,3.3636814,6150016,8
494,493,5.201079048,0.006828004,3.3704866,6150016,8
495,494,5.207907052,0.006828004,3.3773243,6150016,8
496,495,5.214735056,0.006828004,3.3841448,6150016,8
497,496,5.22156306,0.006828004,3.3909783,6150016,8
498,497,5.228391064,0.006828004,3.3978064,6150016,8
499,498,5.235219068,0.006828004,3.4046592,6150016,8
500,499,5.242047072,0.006828004,3.4114914,6150016,8
501,500,5.24987508,0.007828008,3.4193826,6150016,8
502,501,5.256704084,0.006829004,3.4261486,6150016,8
503,502,5.263532088,0.006828004,3.4329991,6150016,8
504,503,5.270360092,0.006828004,3.4397906,6150016,8
505,504,5.277188096,0.006828004,3.4466608,6150016,8
506,505,5.2840161,0.006828004,3.4534341,6150016,8
507,506,5.290844104,0.006828004,3.460265,6150016,8
508,507,5.297672108,0.006828004,3.4670747,6150016,8
509,508,5.304500112,0.006828004,3.4739022,6150016,8
510,509,5.311328116,0.006828004,3.4807427,6150016,8
511,510,5.31815612,0.006828004,3.4875568,6150016,8
512,511,5.324984124,0.006828004,3.4943941,6150016,8
513,512,5.331812132,0.006828008,3.5012699,6150016,8
514,513,5.338640136,0.006828004,3.5080473,6150016,8
515,514,5.34546814,0.006828004,3.5148621,6150016,8
516,515,5.352296144,0.006828004,3.5217617,6150016,8
517,516,5.359124148,0.006828004,3.5285316,6150016,8
518,517,5.365952152,0.006828004,3.53539,6150016,8
519,518,5.372781156,0.006829004,3.5422585,6150016,8
520,519,5.37960916,0.006828004,3.5490371,6150016,8
521,520,5.386437164,0.006828004,3.5558765,6150016,8
522,521,5.393265168,0.006828004,3.5626744,6150016,8
523,522,5.400093172,0.006828004,3.5695005,6150016,8
524,523,5.406921176,0.006828004,3.5763145,6150016,8
525,524,5.41374918,0.006828004,3.5831434,6150016,8
526,525,5.420577188,0.006828008,3.5899874,6150016,8
527,526,5.427405192,0.006828004,3.5968147,6150016,8
528,527,5.434233196,0.006828004,3.6036305,6150016,8
529,528,5.4410612,0.006828004,3.6104656,6150016,8
530,529,5.447889204,0.006828004,3.6172882,6150016,8
531,530,5.454717208,0.006828004,3.624113,6150016,8
532,531,5.461545212,0.006828004,3.6309544,6150016,8
533,532,5.468373216,0.006828004,3.6377988,6150016,8
534,533,5.47520122,0.006828004,3.6446132,6150016,8
535,534,5.482029224,0.006828004,3.6514157,6150016,8
536,535,5.488857228,0.006828004,3.6583157,6150016,8
537,536,5.495686232,0.006829004,3.6651324,6150016,8
538,537,5.502514236,0.006828004,3.6719559,6150016,8
539,538,5.50934224,0.006828004,3.6787475,6150016,8
540,539,5.516170244,0.006828004,3.6855716,6150016,8
541,540,5.522998252,0.006828008,3.6923824,6150016,8
542,541,5.529826256,0.006828004,3.6992231,6150016,8
543,542,5.53665426,0.006828004,3.7060566,6150016,8
544,543,5.543482264,0.006828004,3.7128897,6150016,8
545,544,5.550310268,0.006828004,3.7197641,6150016,8
546,545,5.557138272,0.006828004,3.7265274,6150016,8
547,546,5.563966276,0.006828004,3.7333692,6150016,8
548,547,5.57079428,0.006828004,3.7401981,6150016,8
549,548,5.577622284,0.006828004,3.7470311,6150016,8
550,549,5.584450288,0.006828004,3.7538431,6150016,8
551,550,5.591278292,0.006828004,3.7606696,6150016,8
552,551,5.598106296,0.006828004,3.7674987,6150016,8
553,552,5.6049343,0.006828004,3.7743416,6150016,8
554,553,5.611762304,0.006828004,3.7811865,6150016,8
555,554,5.618591308,0.006829004,3.788015,6150016,8
556,555,5.625419312,0.006828004,3.794832,6150016,8
557,556,5.632247316,0.006828004,3.8016258,6150016,8
558,557,5.639075324,0.006828008,3.8084987,6150016,8
559,558,5.645903328,0.006828004,3.8153,6150016,8
560,559,5.652731332,0.006828004,3.8221156,6150016,8
561,560,5.659559336,0.006828004,3.8289486,6150016,8
562,561,5.66638734,0.006828004,3.835758,6150016,8
563,562,5.673215344,0.006828004,3.8426368,6150016,8
564,563,5.680043348,0.006828004,3.8494286,6150016,8
565,564,5.686871352,0.006828004,3.8562933,6150016,8
566,565,5.693699356,0.006828004,3.8631333,6150016,8
567,566,5.70052736,0.006828004,3.8699311,6150016,8
568,567,5.707355364,0.006828004,3.8767488,6150016,8
569,568,5.714183368,0.006828004,3.8835587,6150016,8
570,569,5.721011372,0.006828004,3.8904015,6150016,8
571,570,5.727839376,0.006828004,3.8972319,6150016,8
572,571,5.73466738,0.006828004,3.9040853,6150016,8
573,572,5.741495384,0.006828004,3.9109981,6150016,8
574,573,5.748324388,0.006829004,3.9178068,6150016,8
575,574,5.755152392,0.006828004,3.924558,6150016,8
576,575,5.761980396,0.006828004,3.9313582,6150016,8
577,576,5.7688084,0.006828004,3.9382835,6150016,8
578,577,5.775636408,0.006828008,3.945024,6150016,8
579,578,5.782464412,0.006828004,3.9518502,6150016,8
580,579,5.789292416,0.006828004,3.9586677,6150016,8
581,580,5.79612042,0.006828004,3.965524,6150016,8
582,581,5.802948424,0.006828004,3.9723647,6150016,8
583,582,5.809776428,0.006828004,3.979154,6150016,8
584,583,5.816604432,0.006828004,3.9859987,6150016,8
585,584,5.823432436,0.006828004,3.9928166,6150016,8
586,585,5.83026044,0.006828004,3.9996271,6150016,8
587,586,5.837088444,0.006828004,4.0064763,6150016,8
588,587,5.843916448,0.006828004,4.0134144,6150016,8
589,588,5.850744452,0.006828004,4.0201557,6150016,8
590,589,5.857572456,0.006828004,4.0269772,6150016,8
591,590,5.86440046,0.006828004,4.0337924,6150016,8
592,591,5.871229464,0.006829004,4.040606,6150016,8
593,592,5.878057468,0.006828004,4.0474628,6150016,8
594,593,5.884885472,0.006828004,4.0542673,6150016,8
595,594,5.891713476,0.006828004,4.0610998,6150016,8
596,595,5.89854148,0.006828004,4.0679074,6150016,8
597,596,5.905369484,0.006828004,4.07482,6150016,8
598,597,5.912197488,0.006828004,4.0815704,6150016,8
599,598,5.919025492,0.006828004,4.0884422,6150016,8
600,599,5.925853496,0.006828004,4.0952357,6150016,8
RESULT TARGET_REACHED markers=600 records=600 samples=3690009600 pending_marker=0 max_remaining_elements=3067904 max_first_element=8
MISSED_LINE_COUNT=UNKNOWN (external LINE counter required)
STOP: board tail beyond diagnostic target/time limit is not included
RESTORED gate/termination/trigger-output; acquisition settings remain test values
PROBE_EXIT_CODE=0
