MODEL SA230P OPTIONS CH1,MEA,EXC,DGT,CST SERIAL AQ00071865
DRIVER 3.9.20621.38
FIRMWARE Stage1 Version 3.7.393.0, FPGA Firmware Version 3.7.393.70110/AVG.CST.DGT/SFIR, FE CPLD 1/0.4.0.0
IO ControlIO1 CURRENT Disabled AVAILABLE Disabled,Out-LowLevel,Out-HighLevel,In-AccumulationEnable,Out-Software,In-Software,In-EnableFirstTrigger,In-StateMonitoring
IO ControlIO2 CURRENT Disabled AVAILABLE Disabled,Out-LowLevel,Out-HighLevel,Out-AcquisitionActive,In-TriggerEnable,Out-Software,In-Software,In-EnableFirstTrigger,In-StateMonitoring
IO ControlIO3 CURRENT Disabled AVAILABLE Disabled,Out-LowLevel,Out-HighLevel,Out-AnalyzerArmed,Out-Software,In-Software,In-EnableFirstTrigger
GATE_CAPABILITY ControlIO2 (does not prove first-edge timing or CST operation)
SETUP_APPLIED CST=Triggered gate=ControlIO2 signal=In-TriggerEnable samples=6145216 rate=1e9 threshold_50ohm_V=1
ARMED: waiting for hardware-qualified edges; DIAGNOSTIC ONLY, WAVEFORMS NOT SAVED
record,index,first_sample_s,interval_s,host_elapsed_s,samples,firstElement
1,0,1.838362044,0,0.0082758,6145216,8
2,1,1.844508044,0.006146,0.0143742,6145216,8
3,2,1.851262048,0.006754004,0.0211985,6145216,8
4,3,1.857408052,0.006146004,0.0272637,6145216,8
5,4,1.863554056,0.006146004,0.0333933,6145216,8
6,5,1.869700056,0.006146,0.039532,6145216,8
7,6,1.87584606,0.006146004,0.0457543,6145216,8
8,7,1.881992064,0.006146004,0.0518516,6145216,8
9,8,1.888138064,0.006146,0.0579863,6145216,8
10,9,1.894284068,0.006146004,0.0641099,6145216,8
11,10,1.900430072,0.006146004,0.0702732,6145216,8
12,11,1.906576076,0.006146004,0.0764051,6145216,8
13,12,1.912722076,0.006146,0.08252,6145216,8
14,13,1.91954308,0.006821004,0.0893713,6145216,8
15,14,1.926371084,0.006828004,0.0962562,6145216,8
16,15,1.933199088,0.006828004,0.1030271,6145216,8
17,16,1.940027088,0.006828,0.1098992,6145216,8
18,17,1.947855092,0.007828004,0.117738,6145216,8
19,18,1.954001096,0.006146004,0.1238785,6145216,8
20,19,1.9601471,0.006146004,0.1300086,6145216,8
21,20,1.9662931,0.006146,0.1361674,6145216,8
22,21,1.972439104,0.006146004,0.1423095,6145216,8
23,22,1.978585108,0.006146004,0.1484342,6145216,8
24,23,1.984731112,0.006146004,0.1545952,6145216,8
25,24,1.990877112,0.006146,0.1607388,6145216,8
26,25,1.997023116,0.006146004,0.166866,6145216,8
27,26,2.00316912,0.006146004,0.1730085,6145216,8
28,27,2.00931512,0.006146,0.179191,6145216,8
29,28,2.016136124,0.006821004,0.1860116,6145216,8
30,29,2.022964128,0.006828004,0.1928031,6145216,8
31,30,2.029792132,0.006828004,0.1996403,6145216,8
32,31,2.036620136,0.006828004,0.2064427,6145216,8
33,32,2.043448136,0.006828,0.2133115,6145216,8
34,33,2.05027614,0.006828004,0.2201179,6145216,8
35,34,2.057104144,0.006828004,0.2269463,6145216,8
36,35,2.063932148,0.006828004,0.2338346,6145216,8
37,36,2.070760148,0.006828,0.240629,6145216,8
38,37,2.076906152,0.006146004,0.2468898,6145216,8
39,38,2.083052156,0.006146004,0.2529665,6145216,8
40,39,2.08919816,0.006146004,0.2590113,6145216,8
41,40,2.09534416,0.006146,0.2651875,6145216,8
42,41,2.101490164,0.006146004,0.2713179,6145216,8
43,42,2.107636168,0.006146004,0.2774949,6145216,8
44,43,2.113782168,0.006146,0.283551,6145216,8
45,44,2.119928172,0.006146004,0.2897594,6145216,8
46,45,2.126074176,0.006146004,0.2959222,6145216,8
47,46,2.132220176,0.006146,0.3020397,6145216,8
48,47,2.13904118,0.006821004,0.3088595,6145216,8
49,48,2.145869184,0.006828004,0.3156981,6145216,8
50,49,2.152697188,0.006828004,0.3225409,6145216,8
51,50,2.159525192,0.006828004,0.3293925,6145216,8
52,51,2.166353192,0.006828,0.3362079,6145216,8
53,52,2.173181196,0.006828004,0.3430096,6145216,8
54,53,2.1800092,0.006828004,0.3498308,6145216,8
55,54,2.186837204,0.006828004,0.3567156,6145216,8
56,55,2.193665204,0.006828,0.3635096,6145216,8
57,56,2.199811208,0.006146004,0.3696837,6145216,8
58,57,2.205957212,0.006146004,0.3757748,6145216,8
59,58,2.212103212,0.006146,0.3819291,6145216,8
60,59,2.218249216,0.006146004,0.3881274,6145216,8
61,60,2.22439522,0.006146004,0.394242,6145216,8
62,61,2.230541224,0.006146004,0.4003693,6145216,8
63,62,2.236687224,0.006146,0.4064658,6145216,8
64,63,2.242833228,0.006146004,0.4127073,6145216,8
65,64,2.248979232,0.006146004,0.4188164,6145216,8
66,65,2.255125232,0.006146,0.4249377,6145216,8
67,66,2.261946236,0.006821004,0.4318105,6145216,8
68,67,2.26877424,0.006828004,0.4385932,6145216,8
69,68,2.275602244,0.006828004,0.4454424,6145216,8
70,69,2.282430244,0.006828,0.4522757,6145216,8
71,70,2.289258248,0.006828004,0.4590792,6145216,8
72,71,2.296086252,0.006828004,0.4659092,6145216,8
73,72,2.302914256,0.006828004,0.472759,6145216,8
74,73,2.309742256,0.006828,0.4796664,6145216,8
75,74,2.31657026,0.006828004,0.4864505,6145216,8
76,75,2.322716264,0.006146004,0.4925564,6145216,8
77,76,2.328862268,0.006146004,0.4986831,6145216,8
78,77,2.335008268,0.006146,0.5048385,6145216,8
79,78,2.341154272,0.006146004,0.5110169,6145216,8
80,79,2.347300276,0.006146004,0.5170947,6145216,8
81,80,2.353446276,0.006146,0.5232224,6145216,8
82,81,2.35959228,0.006146004,0.5295776,6145216,8
83,82,2.365738284,0.006146004,0.5355643,6145216,8
84,83,2.371884284,0.006146,0.5417092,6145216,8
85,84,2.378030288,0.006146004,0.547858,6145216,8
86,85,2.384851292,0.006821004,0.554678,6145216,8
87,86,2.391679296,0.006828004,0.5615241,6145216,8
88,87,2.398507296,0.006828,0.568312,6145216,8
89,88,2.4053353,0.006828004,0.5751697,6145216,8
90,89,2.412163304,0.006828004,0.581978,6145216,8
91,90,2.418991308,0.006828004,0.5888301,6145216,8
92,91,2.425819308,0.006828,0.5956594,6145216,8
93,92,2.432647312,0.006828004,0.6025121,6145216,8
94,93,2.439475316,0.006828004,0.6093069,6145216,8
95,94,2.445621312,0.006145996,0.6154638,6145216,8
96,95,2.45176732,0.006146008,0.6216089,6145216,8
97,96,2.457913324,0.006146004,0.6277857,6145216,8
98,97,2.464059328,0.006146004,0.6338567,6145216,8
99,98,2.470205328,0.006146,0.6400281,6145216,8
100,99,2.476351332,0.006146004,0.646138,6145216,8
101,100,2.482497336,0.006146004,0.6523173,6145216,8
102,101,2.488643336,0.006146,0.6584465,6145216,8
103,102,2.49478934,0.006146004,0.6646188,6145216,8
104,103,2.500935344,0.006146004,0.6707423,6145216,8
105,104,2.507756344,0.006821,0.677618,6145216,8
106,105,2.514584348,0.006828004,0.6843984,6145216,8
107,106,2.521412352,0.006828004,0.6912319,6145216,8
108,107,2.528240356,0.006828004,0.6980351,6145216,8
109,108,2.535068356,0.006828,0.7049032,6145216,8
110,109,2.54189636,0.006828004,0.7117511,6145216,8
111,110,2.548724364,0.006828004,0.7185665,6145216,8
112,111,2.555552368,0.006828004,0.7253862,6145216,8
113,112,2.562380368,0.006828,0.7322406,6145216,8
114,113,2.568526368,0.006146,0.7383612,6145216,8
115,114,2.574672376,0.006146008,0.7444793,6145216,8
116,115,2.580818376,0.006146,0.7506301,6145216,8
117,116,2.58696438,0.006146004,0.7567972,6145216,8
118,117,2.593110384,0.006146004,0.7629526,6145216,8
119,118,2.599256384,0.006146,0.7690851,6145216,8
120,119,2.605402388,0.006146004,0.7752087,6145216,8
121,120,2.611548392,0.006146004,0.7813851,6145216,8
122,121,2.617694392,0.006146,0.7875665,6145216,8
123,122,2.623840396,0.006146004,0.7936568,6145216,8
124,123,2.6306614,0.006821004,0.8004598,6145216,8
125,124,2.6374894,0.006828,0.8072922,6145216,8
126,125,2.644317404,0.006828004,0.8141101,6145216,8
127,126,2.651145408,0.006828004,0.8209945,6145216,8
128,127,2.657973412,0.006828004,0.8278182,6145216,8
129,128,2.664801412,0.006828,0.8346458,6145216,8
130,129,2.671629416,0.006828004,0.841466,6145216,8
131,130,2.67845742,0.006828004,0.8482959,6145216,8
132,131,2.685285424,0.006828004,0.8551181,6145216,8
133,132,2.692113424,0.006828,0.8619365,6145216,8
134,133,2.698259424,0.006146,0.868057,6145216,8
135,134,2.704405432,0.006146008,0.8742148,6145216,8
136,135,2.710551432,0.006146,0.880369,6145216,8
137,136,2.716697436,0.006146004,0.8865042,6145216,8
138,137,2.72284344,0.006146004,0.8926859,6145216,8
139,138,2.72898944,0.006146,0.8988076,6145216,8
140,139,2.735135444,0.006146004,0.9049409,6145216,8
141,140,2.741281448,0.006146004,0.9111488,6145216,8
142,141,2.747427448,0.006146,0.9172489,6145216,8
143,142,2.753573452,0.006146004,0.9233798,6145216,8
144,143,2.760394456,0.006821004,0.9301972,6145216,8
145,144,2.767222456,0.006828,0.9370271,6145216,8
146,145,2.77405046,0.006828004,0.9438607,6145216,8
147,146,2.780878464,0.006828004,0.9507046,6145216,8
148,147,2.787706468,0.006828004,0.9575189,6145216,8
149,148,2.794534468,0.006828,0.9643692,6145216,8
150,149,2.801362472,0.006828004,0.9712106,6145216,8
151,150,2.808190476,0.006828004,0.9780087,6145216,8
152,151,2.81501848,0.006828004,0.9848022,6145216,8
153,152,2.82116448,0.006146,0.9911382,6145216,8
154,153,2.827310484,0.006146004,0.9971123,6145216,8
155,154,2.833456488,0.006146004,1.0032545,6145216,8
156,155,2.839602488,0.006146,1.0093991,6145216,8
157,156,2.845748492,0.006146004,1.0155091,6145216,8
158,157,2.851894492,0.006146,1.0217068,6145216,8
159,158,2.858040496,0.006146004,1.0278664,6145216,8
160,159,2.8641865,0.006146004,1.0339362,6145216,8
161,160,2.8703325,0.006146,1.0401207,6145216,8
162,161,2.876478504,0.006146004,1.0462794,6145216,8
163,162,2.883299508,0.006821004,1.0531078,6145216,8
164,163,2.890127512,0.006828004,1.0599025,6145216,8
165,164,2.896955512,0.006828,1.0668433,6145216,8
166,165,2.903783516,0.006828004,1.0735709,6145216,8
167,166,2.91061152,0.006828004,1.0804615,6145216,8
168,167,2.91743952,0.006828,1.0872494,6145216,8
169,168,2.924267524,0.006828004,1.0943194,6145216,8
170,169,2.931095528,0.006828004,1.1008843,6145216,8
171,170,2.937923532,0.006828004,1.107732,6145216,8
172,171,2.944069528,0.006145996,1.1138182,6145216,8
173,172,2.950215536,0.006146008,1.1200266,6145216,8
174,173,2.95636154,0.006146004,1.1261501,6145216,8
175,174,2.96250754,0.006146,1.1323095,6145216,8
176,175,2.968653544,0.006146004,1.1384536,6145216,8
177,176,2.974799544,0.006146,1.1446099,6145216,8
178,177,2.980945548,0.006146004,1.1507233,6145216,8
179,178,2.987091552,0.006146004,1.1568879,6145216,8
180,179,2.993237552,0.006146,1.1630379,6145216,8
181,180,2.999383556,0.006146004,1.1691907,6145216,8
182,181,3.00620456,0.006821004,1.1759814,6145216,8
183,182,3.01303256,0.006828,1.1828313,6145216,8
184,183,3.019860564,0.006828004,1.1896506,6145216,8
185,184,3.026688568,0.006828004,1.1965385,6145216,8
186,185,3.033516572,0.006828004,1.2033187,6145216,8
187,186,3.040344572,0.006828,1.2101496,6145216,8
188,187,3.047172576,0.006828004,1.2169875,6145216,8
189,188,3.05400058,0.006828004,1.2238113,6145216,8
190,189,3.06082858,0.006828,1.2306314,6145216,8
191,190,3.066974584,0.006146004,1.2367859,6145216,8
192,191,3.073120588,0.006146004,1.2428929,6145216,8
193,192,3.079266588,0.006146,1.2490912,6145216,8
194,193,3.085412592,0.006146004,1.2551793,6145216,8
195,194,3.091558596,0.006146004,1.2614158,6145216,8
196,195,3.097704596,0.006146,1.2675153,6145216,8
197,196,3.1038506,0.006146004,1.2736436,6145216,8
198,197,3.109996604,0.006146004,1.2798088,6145216,8
199,198,3.116142604,0.006146,1.2859739,6145216,8
200,199,3.122288608,0.006146004,1.2920762,6145216,8
201,200,3.129109612,0.006821004,1.2988941,6145216,8
202,201,3.135937612,0.006828,1.3057326,6145216,8
203,202,3.142765616,0.006828004,1.3126167,6145216,8
204,203,3.14959362,0.006828004,1.3193939,6145216,8
205,204,3.15642162,0.006828,1.3262129,6145216,8
206,205,3.163249624,0.006828004,1.3331957,6145216,8
207,206,3.170077628,0.006828004,1.3398772,6145216,8
208,207,3.176905628,0.006828,1.3467369,6145216,8
209,208,3.183733632,0.006828004,1.3535124,6145216,8
210,209,3.189879632,0.006146,1.359648,6145216,8
211,210,3.196025636,0.006146004,1.365822,6145216,8
212,211,3.20217164,0.006146004,1.3719604,6145216,8
213,212,3.208317644,0.006146004,1.3781396,6145216,8
214,213,3.214463644,0.006146,1.3842329,6145216,8
215,214,3.220609648,0.006146004,1.3903996,6145216,8
216,215,3.226755652,0.006146004,1.3965614,6145216,8
217,216,3.232901652,0.006146,1.4027158,6145216,8
218,217,3.239047656,0.006146004,1.4088418,6145216,8
219,218,3.245193656,0.006146,1.4150157,6145216,8
220,219,3.25201466,0.006821004,1.4217795,6145216,8
221,220,3.258842664,0.006828004,1.4286312,6145216,8
222,221,3.265670668,0.006828004,1.4354343,6145216,8
223,222,3.272498668,0.006828,1.4423255,6145216,8
224,223,3.279326672,0.006828004,1.4491235,6145216,8
225,224,3.286154676,0.006828004,1.4559576,6145216,8
226,225,3.292982676,0.006828,1.462793,6145216,8
227,226,3.29981068,0.006828004,1.4696072,6145216,8
228,227,3.306638684,0.006828004,1.4764104,6145216,8
229,228,3.313466684,0.006828,1.4832569,6145216,8
230,229,3.319612688,0.006146004,1.4893894,6145216,8
231,230,3.325758692,0.006146004,1.4955387,6145216,8
232,231,3.331904692,0.006146,1.5016773,6145216,8
233,232,3.338050696,0.006146004,1.5078254,6145216,8
234,233,3.3441967,0.006146004,1.5139997,6145216,8
235,234,3.3503427,0.006146,1.5201292,6145216,8
236,235,3.356488704,0.006146004,1.5262121,6145216,8
237,236,3.362634704,0.006146,1.5324401,6145216,8
238,237,3.368780708,0.006146004,1.5385597,6145216,8
239,238,3.374926712,0.006146004,1.5446814,6145216,8
240,239,3.381747712,0.006821,1.5515093,6145216,8
241,240,3.388575716,0.006828004,1.5583557,6145216,8
242,241,3.39540372,0.006828004,1.5652064,6145216,8
243,242,3.40223172,0.006828,1.5720331,6145216,8
244,243,3.409059724,0.006828004,1.5788723,6145216,8
245,244,3.415887728,0.006828004,1.5856827,6145216,8
246,245,3.422715728,0.006828,1.5925042,6145216,8
247,246,3.429543732,0.006828004,1.5993259,6145216,8
248,247,3.436371736,0.006828004,1.6061368,6145216,8
249,248,3.442517736,0.006146,1.612347,6145216,8
250,249,3.44866374,0.006146004,1.6184166,6145216,8
251,250,3.454809744,0.006146004,1.6245883,6145216,8
252,251,3.460955744,0.006146,1.6307614,6145216,8
253,252,3.467101748,0.006146004,1.6368862,6145216,8
254,253,3.473247748,0.006146,1.642953,6145216,8
255,254,3.479393752,0.006146004,1.6491515,6145216,8
256,255,3.485539756,0.006146004,1.6554052,6145216,8
257,256,3.491685756,0.006146,1.6614833,6145216,8
258,257,3.49783176,0.006146004,1.6675817,6145216,8
259,258,3.50465276,0.006821,1.6744165,6145216,8
260,259,3.511480764,0.006828004,1.6812947,6145216,8
261,260,3.518308768,0.006828004,1.6881332,6145216,8
262,261,3.525136772,0.006828004,1.6949312,6145216,8
263,262,3.531964772,0.006828,1.7017518,6145216,8
264,263,3.538792776,0.006828004,1.7085521,6145216,8
265,264,3.54562078,0.006828004,1.7154027,6145216,8
266,265,3.55244878,0.006828,1.7222132,6145216,8
267,266,3.559276784,0.006828004,1.7290588,6145216,8
268,267,3.566104788,0.006828004,1.7361342,6145216,8
269,268,3.572250784,0.006145996,1.7420289,6145216,8
270,269,3.578396792,0.006146008,1.7481658,6145216,8
271,270,3.584542792,0.006146,1.7542739,6145216,8
272,271,3.590688796,0.006146004,1.7604465,6145216,8
273,272,3.5968348,0.006146004,1.7666165,6145216,8
274,273,3.6029808,0.006146,1.7727288,6145216,8
275,274,3.609126804,0.006146004,1.7789062,6145216,8
276,275,3.615272804,0.006146,1.7850183,6145216,8
277,276,3.621418808,0.006146004,1.7911954,6145216,8
278,277,3.627564812,0.006146004,1.7973726,6145216,8
279,278,3.634385812,0.006821,1.8042826,6145216,8
280,279,3.641213816,0.006828004,1.8110424,6145216,8
281,280,3.64804182,0.006828004,1.8178367,6145216,8
282,281,3.65486982,0.006828,1.8246383,6145216,8
283,282,3.661697824,0.006828004,1.8314751,6145216,8
284,283,3.668525828,0.006828004,1.8383028,6145216,8
285,284,3.675353828,0.006828,1.8451301,6145216,8
286,285,3.682181832,0.006828004,1.8519305,6145216,8
287,286,3.689009836,0.006828004,1.8587843,6145216,8
288,287,3.695837836,0.006828,1.8656004,6145216,8
289,288,3.70198384,0.006146004,1.8717503,6145216,8
290,289,3.708129844,0.006146004,1.8778934,6145216,8
291,290,3.714275844,0.006146,1.8840556,6145216,8
292,291,3.720421848,0.006146004,1.8901667,6145216,8
293,292,3.726567848,0.006146,1.8964165,6145216,8
294,293,3.732713852,0.006146004,1.9024639,6145216,8
295,294,3.738859856,0.006146004,1.9086266,6145216,8
296,295,3.745005856,0.006146,1.9147617,6145216,8
297,296,3.75115186,0.006146004,1.9209612,6145216,8
298,297,3.75729786,0.006146,1.9270557,6145216,8
299,298,3.764118864,0.006821004,1.9338907,6145216,8
300,299,3.770946868,0.006828004,1.9407066,6145216,8
301,300,3.777774868,0.006828,1.9475501,6145216,8
302,301,3.784602872,0.006828004,1.9543791,6145216,8
303,302,3.791430876,0.006828004,1.961195,6145216,8
304,303,3.798258876,0.006828,1.9680225,6145216,8
305,304,3.80508688,0.006828004,1.9748696,6145216,8
306,305,3.811914884,0.006828004,1.9817713,6145216,8
307,306,3.818742884,0.006828,1.9885126,6145216,8
308,307,3.82488888,0.006145996,1.9946423,6145216,8
309,308,3.831034888,0.006146008,2.0007937,6145216,8
310,309,3.837180892,0.006146004,2.0069447,6145216,8
311,310,3.843326896,0.006146004,2.0131118,6145216,8
312,311,3.849472896,0.006146,2.0193401,6145216,8
313,312,3.8556189,0.006146004,2.0253726,6145216,8
314,313,3.8617649,0.006146,2.0315072,6145216,8
315,314,3.867910904,0.006146004,2.0376932,6145216,8
316,315,3.874056904,0.006146,2.0437706,6145216,8
317,316,3.880202908,0.006146004,2.0499938,6145216,8
318,317,3.887023912,0.006821004,2.0567977,6145216,8
319,318,3.893851912,0.006828,2.0636371,6145216,8
320,319,3.900679916,0.006828004,2.07042,6145216,8
321,320,3.90750792,0.006828004,2.0772739,6145216,8
322,321,3.91433592,0.006828,2.0840959,6145216,8
323,322,3.921163924,0.006828004,2.0909364,6145216,8
324,323,3.927991928,0.006828004,2.0977368,6145216,8
325,324,3.934819928,0.006828,2.1045914,6145216,8
326,325,3.941647932,0.006828004,2.1114114,6145216,8
327,326,3.948475936,0.006828004,2.1182303,6145216,8
328,327,3.955303936,0.006828,2.1250884,6145216,8
329,328,3.961449936,0.006146,2.1312179,6145216,8
330,329,3.96759594,0.006146004,2.1373501,6145216,8
331,330,3.973741944,0.006146004,2.1434886,6145216,8
332,331,3.979887948,0.006146004,2.1496071,6145216,8
333,332,3.986033948,0.006146,2.1558092,6145216,8
334,333,3.992179952,0.006146004,2.1619667,6145216,8
335,334,3.998325952,0.006146,2.1680766,6145216,8
336,335,4.004471956,0.006146004,2.1742667,6145216,8
337,336,4.010617956,0.006146,2.1804565,6145216,8
338,337,4.01676396,0.006146004,2.1865692,6145216,8
339,338,4.023584964,0.006821004,2.1933689,6145216,8
340,339,4.030412964,0.006828,2.2001909,6145216,8
341,340,4.037240968,0.006828004,2.2069976,6145216,8
342,341,4.044068972,0.006828004,2.2138252,6145216,8
343,342,4.050896972,0.006828,2.2206372,6145216,8
344,343,4.057724976,0.006828004,2.2274638,6145216,8
345,344,4.064552976,0.006828,2.2343061,6145216,8
346,345,4.07138098,0.006828004,2.2411192,6145216,8
347,346,4.078208984,0.006828004,2.2479891,6145216,8
348,347,4.084354984,0.006146,2.2541195,6145216,8
349,348,4.090500988,0.006146004,2.2602485,6145216,8
350,349,4.096646988,0.006146,2.2663396,6145216,8
351,350,4.102792992,0.006146004,2.2726086,6145216,8
352,351,4.108938996,0.006146004,2.2786919,6145216,8
353,352,4.115084996,0.006146,2.2848267,6145216,8
354,353,4.121231,0.006146004,2.2910428,6145216,8
355,354,4.127377,0.006146,2.2971468,6145216,8
356,355,4.133523004,0.006146004,2.3032678,6145216,8
357,356,4.139669004,0.006146,2.3094517,6145216,8
358,357,4.146490008,0.006821004,2.3162473,6145216,8
359,358,4.153318012,0.006828004,2.3230816,6145216,8
360,359,4.160146012,0.006828,2.3299346,6145216,8
361,360,4.166974016,0.006828004,2.3367297,6145216,8
362,361,4.17380202,0.006828004,2.3435554,6145216,8
363,362,4.18063002,0.006828,2.3503865,6145216,8
364,363,4.187458024,0.006828004,2.3571982,6145216,8
365,364,4.194286024,0.006828,2.3640433,6145216,8
366,365,4.201114028,0.006828004,2.3708622,6145216,8
367,366,4.207260024,0.006145996,2.377019,6145216,8
368,367,4.213406032,0.006146008,2.3831547,6145216,8
369,368,4.219552036,0.006146004,2.3893051,6145216,8
370,369,4.225698036,0.006146,2.3954349,6145216,8
371,370,4.23184404,0.006146004,2.4015891,6145216,8
372,371,4.23799004,0.006146,2.407698,6145216,8
373,372,4.244136044,0.006146004,2.4139029,6145216,8
374,373,4.250282048,0.006146004,2.4200704,6145216,8
375,374,4.256428048,0.006146,2.4261195,6145216,8
376,375,4.262574052,0.006146004,2.432304,6145216,8
377,376,4.269395052,0.006821,2.4391487,6145216,8
378,377,4.276223056,0.006828004,2.4459966,6145216,8
379,378,4.283051056,0.006828,2.4528464,6145216,8
380,379,4.28987906,0.006828004,2.4596092,6145216,8
381,380,4.296707064,0.006828004,2.4664579,6145216,8
382,381,4.303535064,0.006828,2.4732738,6145216,8
383,382,4.310363068,0.006828004,2.4801173,6145216,8
384,383,4.317191072,0.006828004,2.4869183,6145216,8
385,384,4.324019072,0.006828,2.4937522,6145216,8
386,385,4.330165072,0.006146,2.4998726,6145216,8
387,386,4.336311076,0.006146004,2.5060037,6145216,8
388,387,4.34245708,0.006146004,2.5121903,6145216,8
389,388,4.34860308,0.006146,2.51835,6145216,8
390,389,4.354749084,0.006146004,2.5245092,6145216,8
391,390,4.360895088,0.006146004,2.5306742,6145216,8
392,391,4.367041088,0.006146,2.5368106,6145216,8
393,392,4.373187092,0.006146004,2.5429582,6145216,8
394,393,4.379333092,0.006146,2.5490563,6145216,8
395,394,4.385479096,0.006146004,2.5552319,6145216,8
396,395,4.392300096,0.006821,2.5620454,6145216,8
397,396,4.3991281,0.006828004,2.5689195,6145216,8
398,397,4.405956104,0.006828004,2.5756772,6145216,8
399,398,4.412784104,0.006828,2.5825128,6145216,8
400,399,4.419612108,0.006828004,2.5893332,6145216,8
401,400,4.426440108,0.006828,2.596222,6145216,8
402,401,4.433268112,0.006828004,2.603054,6145216,8
403,402,4.440096116,0.006828004,2.6098406,6145216,8
404,403,4.446924116,0.006828,2.6167487,6145216,8
405,404,4.453070112,0.006145996,2.6228352,6145216,8
406,405,4.45921612,0.006146008,2.6289559,6145216,8
407,406,4.465362124,0.006146004,2.6350883,6145216,8
408,407,4.471508124,0.006146,2.6412178,6145216,8
409,408,4.477654128,0.006146004,2.6474263,6145216,8
410,409,4.483800128,0.006146,2.6535335,6145216,8
411,410,4.489946132,0.006146004,2.6597093,6145216,8
412,411,4.496092136,0.006146004,2.6657816,6145216,8
413,412,4.502238136,0.006146,2.6719638,6145216,8
414,413,4.50838414,0.006146004,2.6780938,6145216,8
415,414,4.51520514,0.006821,2.6849417,6145216,8
416,415,4.522033144,0.006828004,2.6917542,6145216,8
417,416,4.528861144,0.006828,2.6986013,6145216,8
418,417,4.535689148,0.006828004,2.7054353,6145216,8
419,418,4.542517152,0.006828004,2.7122523,6145216,8
420,419,4.549345152,0.006828,2.719069,6145216,8
421,420,4.556173156,0.006828004,2.7259253,6145216,8
422,421,4.563001156,0.006828,2.7327093,6145216,8
423,422,4.56982916,0.006828004,2.7395684,6145216,8
424,423,4.57597516,0.006146,2.7456524,6145216,8
425,424,4.582121164,0.006146004,2.7518305,6145216,8
426,425,4.588267168,0.006146004,2.7579861,6145216,8
427,426,4.594413168,0.006146,2.7641714,6145216,8
428,427,4.600559172,0.006146004,2.7703016,6145216,8
429,428,4.606705172,0.006146,2.7764459,6145216,8
430,429,4.612851176,0.006146004,2.7826667,6145216,8
431,430,4.618997176,0.006146,2.7888401,6145216,8
432,431,4.62514318,0.006146004,2.7948828,6145216,8
433,432,4.63128918,0.006146,2.8010184,6145216,8
434,433,4.638110184,0.006821004,2.8078542,6145216,8
435,434,4.644938188,0.006828004,2.8146825,6145216,8
436,435,4.651766188,0.006828,2.8214982,6145216,8
437,436,4.658594192,0.006828004,2.8283252,6145216,8
438,437,4.665422192,0.006828,2.8352207,6145216,8
439,438,4.672250196,0.006828004,2.8419735,6145216,8
440,439,4.679078196,0.006828,2.8487978,6145216,8
441,440,4.6859062,0.006828004,2.8556358,6145216,8
442,441,4.692734204,0.006828004,2.8624722,6145216,8
443,442,4.6988802,0.006145996,2.8686157,6145216,8
444,443,4.705026208,0.006146008,2.8747458,6145216,8
445,444,4.711172208,0.006146,2.8809142,6145216,8
446,445,4.717318212,0.006146004,2.8869839,6145216,8
447,446,4.723464212,0.006146,2.8931953,6145216,8
448,447,4.729610216,0.006146004,2.8993484,6145216,8
449,448,4.735756216,0.006146,2.905502,6145216,8
450,449,4.74190222,0.006146004,2.9116524,6145216,8
451,450,4.74804822,0.006146,2.9177733,6145216,8
452,451,4.754194224,0.006146004,2.9238752,6145216,8
453,452,4.761015228,0.006821004,2.9307582,6145216,8
454,453,4.767843228,0.006828,2.9376212,6145216,8
455,454,4.774671232,0.006828004,2.9444314,6145216,8
456,455,4.781499232,0.006828,2.9512079,6145216,8
457,456,4.788327236,0.006828004,2.9581735,6145216,8
458,457,4.795155236,0.006828,2.9648718,6145216,8
459,458,4.80198324,0.006828004,2.9717188,6145216,8
460,459,4.808811244,0.006828004,2.9785347,6145216,8
461,460,4.815639244,0.006828,2.9853605,6145216,8
462,461,4.82178524,0.006145996,2.9915156,6145216,8
463,462,4.827931248,0.006146008,2.9976432,6145216,8
464,463,4.834077252,0.006146004,3.0039462,6145216,8
465,464,4.840223252,0.006146,3.0105794,6145216,8
466,465,4.846369256,0.006146004,3.0161672,6145216,8
467,466,4.852515256,0.006146,3.0227523,6145216,8
468,467,4.85866126,0.006146004,3.0283839,6145216,8
469,468,4.86480726,0.006146,3.0345234,6145216,8
470,469,4.870953264,0.006146004,3.040655,6145216,8
471,470,4.877099264,0.006146,3.0468436,6145216,8
472,471,4.883920268,0.006821004,3.0536355,6145216,8
473,472,4.890748272,0.006828004,3.0604607,6145216,8
474,473,4.897576272,0.006828,3.0672958,6145216,8
475,474,4.904404276,0.006828004,3.0741114,6145216,8
476,475,4.911232276,0.006828,3.0809441,6145216,8
477,476,4.91806028,0.006828004,3.08781,6145216,8
478,477,4.92488828,0.006828,3.0946425,6145216,8
479,478,4.931716284,0.006828004,3.1014565,6145216,8
480,479,4.938544288,0.006828004,3.1082449,6145216,8
481,480,4.944690288,0.006146,3.114449,6145216,8
482,481,4.950836292,0.006146004,3.1205358,6145216,8
483,482,4.956982292,0.006146,3.1267416,6145216,8
484,483,4.963128296,0.006146004,3.132875,6145216,8
485,484,4.969274296,0.006146,3.1390184,6145216,8
486,485,4.9754203,0.006146004,3.1450727,6145216,8
487,486,4.9815663,0.006146,3.1512691,6145216,8
488,487,4.987712304,0.006146004,3.1574312,6145216,8
489,488,4.993858304,0.006146,3.1635326,6145216,8
490,489,5.000004308,0.006146004,3.1697142,6145216,8
491,490,5.006825308,0.006821,3.1765544,6145216,8
492,491,5.013653312,0.006828004,3.1833414,6145216,8
493,492,5.020481312,0.006828,3.1902008,6145216,8
494,493,5.027309316,0.006828004,3.1970026,6145216,8
495,494,5.03413732,0.006828004,3.2038544,6145216,8
496,495,5.04096532,0.006828,3.210654,6145216,8
497,496,5.047793324,0.006828004,3.2175021,6145216,8
498,497,5.054621324,0.006828,3.2243301,6145216,8
499,498,5.061449328,0.006828004,3.2311582,6145216,8
500,499,5.067595328,0.006146,3.2373656,6145216,8
501,500,5.073741332,0.006146004,3.2434844,6145216,8
502,501,5.079887332,0.006146,3.2496556,6145216,8
503,502,5.086033336,0.006146004,3.2557782,6145216,8
504,503,5.092179336,0.006146,3.2619081,6145216,8
505,504,5.09832534,0.006146004,3.2680564,6145216,8
506,505,5.10447134,0.006146,3.2741794,6145216,8
507,506,5.110617344,0.006146004,3.2803619,6145216,8
508,507,5.116763344,0.006146,3.286418,6145216,8
509,508,5.122909348,0.006146004,3.2926191,6145216,8
510,509,5.129730348,0.006821,3.2994433,6145216,8
511,510,5.136558352,0.006828004,3.3062707,6145216,8
512,511,5.143386352,0.006828,3.3131083,6145216,8
513,512,5.150214356,0.006828004,3.3199441,6145216,8
514,513,5.15704236,0.006828004,3.3267229,6145216,8
515,514,5.16387036,0.006828,3.333586,6145216,8
516,515,5.170698364,0.006828004,3.3403834,6145216,8
517,516,5.177526364,0.006828,3.3472533,6145216,8
518,517,5.184354368,0.006828004,3.3540787,6145216,8
519,518,5.191182368,0.006828,3.3609046,6145216,8
520,519,5.197328368,0.006146,3.3670282,6145216,8
521,520,5.203474372,0.006146004,3.3732076,6145216,8
522,521,5.209620376,0.006146004,3.3793734,6145216,8
523,522,5.215766376,0.006146,3.3856107,6145216,8
524,523,5.22191238,0.006146004,3.3916129,6145216,8
525,524,5.22805838,0.006146,3.3977562,6145216,8
526,525,5.234204384,0.006146004,3.4038936,6145216,8
527,526,5.240350384,0.006146,3.4100536,6145216,8
528,527,5.246496388,0.006146004,3.4161364,6145216,8
529,528,5.252642388,0.006146,3.4223602,6145216,8
530,529,5.259463392,0.006821004,3.4292518,6145216,8
531,530,5.266291392,0.006828,3.4360072,6145216,8
532,531,5.273119396,0.006828004,3.4427995,6145216,8
533,532,5.279947396,0.006828,3.4496547,6145216,8
534,533,5.2867754,0.006828004,3.456461,6145216,8
535,534,5.293603404,0.006828004,3.4633168,6145216,8
536,535,5.300431404,0.006828,3.4701124,6145216,8
537,536,5.307259408,0.006828004,3.4769678,6145216,8
538,537,5.314087408,0.006828,3.4837858,6145216,8
539,538,5.320233408,0.006146,3.4899526,6145216,8
540,539,5.326379412,0.006146004,3.49606,6145216,8
541,540,5.332525416,0.006146004,3.5022559,6145216,8
542,541,5.338671416,0.006146,3.508368,6145216,8
543,542,5.34481742,0.006146004,3.5144736,6145216,8
544,543,5.35096342,0.006146,3.5206521,6145216,8
545,544,5.357109424,0.006146004,3.5268133,6145216,8
546,545,5.363255424,0.006146,3.5329462,6145216,8
547,546,5.369401428,0.006146004,3.5391698,6145216,8
548,547,5.375547428,0.006146,3.545232,6145216,8
549,548,5.382368432,0.006821004,3.5520834,6145216,8
550,549,5.389196432,0.006828,3.5588737,6145216,8
551,550,5.396024436,0.006828004,3.5657368,6145216,8
552,551,5.402852436,0.006828,3.5725319,6145216,8
553,552,5.40968044,0.006828004,3.5794562,6145216,8
554,553,5.41650844,0.006828,3.5861944,6145216,8
555,554,5.423336444,0.006828004,3.5930339,6145216,8
556,555,5.430164444,0.006828,3.5998353,6145216,8
557,556,5.436992448,0.006828004,3.60668,6145216,8
558,557,5.443138448,0.006146,3.6128817,6145216,8
559,558,5.449284452,0.006146004,3.6189833,6145216,8
560,559,5.455430452,0.006146,3.626095,6145216,8
561,560,5.461576456,0.006146004,3.6332411,6145216,8
562,561,5.467722456,0.006146,3.6376362,6145216,8
563,562,5.47386846,0.006146004,3.6436173,6145216,8
564,563,5.48001446,0.006146,3.6497014,6145216,8
565,564,5.486160464,0.006146004,3.6558314,6145216,8
566,565,5.492617464,0.006457,3.6622973,6145216,8
567,566,5.499445468,0.006828004,3.6691349,6145216,8
568,567,5.506273468,0.006828,3.6759801,6145216,8
569,568,5.513101472,0.006828004,3.6827859,6145216,8
570,569,5.519929472,0.006828,3.6896105,6145216,8
571,570,5.526757476,0.006828004,3.6964552,6145216,8
572,571,5.533585476,0.006828,3.703257,6145216,8
573,572,5.54041348,0.006828004,3.7100794,6145216,8
574,573,5.54724148,0.006828,3.7169057,6145216,8
575,574,5.554069484,0.006828004,3.7237634,6145216,8
576,575,5.560897484,0.006828,3.7305859,6145216,8
577,576,5.567043488,0.006146004,3.73677,6145216,8
578,577,5.573189488,0.006146,3.7430117,6145216,8
579,578,5.579335492,0.006146004,3.7490919,6145216,8
580,579,5.585481492,0.006146,3.7552078,6145216,8
581,580,5.591627496,0.006146004,3.7612923,6145216,8
582,581,5.597773496,0.006146,3.7674704,6145216,8
583,582,5.6039195,0.006146004,3.7736847,6145216,8
584,583,5.6100655,0.006146,3.7798117,6145216,8
585,584,5.616211504,0.006146004,3.785928,6145216,8
586,585,5.622357504,0.006146,3.7920345,6145216,8
587,586,5.629178508,0.006821004,3.7988797,6145216,8
588,587,5.636006508,0.006828,3.8057179,6145216,8
589,588,5.642834512,0.006828004,3.8125828,6145216,8
590,589,5.649662512,0.006828,3.8194023,6145216,8
591,590,5.656490516,0.006828004,3.8262031,6145216,8
592,591,5.663318516,0.006828,3.833035,6145216,8
593,592,5.67014652,0.006828004,3.8398286,6145216,8
594,593,5.67697452,0.006828,3.8466696,6145216,8
595,594,5.68312052,0.006146,3.8528292,6145216,8
596,595,5.689266524,0.006146004,3.8589564,6145216,8
597,596,5.695412528,0.006146004,3.8651105,6145216,8
598,597,5.701558528,0.006146,3.8711883,6145216,8
599,598,5.707704532,0.006146004,3.8774055,6145216,8
600,599,5.713850532,0.006146,3.8835216,6145216,8
RESULT TARGET_REACHED markers=600 records=600 samples=3687129600 pending_marker=0 max_remaining_elements=3072000 max_first_element=8
MISSED_LINE_COUNT=UNKNOWN (external LINE counter required)
STOP: board tail beyond diagnostic target/time limit is not included
RESTORED gate/termination/trigger-output; acquisition settings remain test values
PROBE_EXIT_CODE=0
